11.204954147338867	1.218464967678301e-05	1600
10.834160804748535	1.1821637599496171e-05	3200
10.013388633728027	1.0988261237798724e-05	4800
9.233633041381836	1.0183895028603729e-05	6400
8.657654762268066	9.584136023477186e-06	8000
8.098731994628906	9.007134394778404e-06	9600
7.460171699523926	8.426102795056067e-06	11200
6.740198135375977	8.004033588804305e-06	12800
5.989166259765625	7.564292900497094e-06	14400
5.356546401977539	7.181643013609573e-06	16000
4.748767852783203	6.782482614653418e-06	17600
4.178574085235596	6.391476290446008e-06	19200
3.725205898284912	6.036774266249267e-06	20800
3.3081507682800293	5.7832012316794135e-06	22400
2.9693799018859863	5.584878636000212e-06	24000
2.6980111598968506	5.407605385698844e-06	25600
2.416377067565918	5.229559519648319e-06	27200
2.175482749938965	5.047972535976442e-06	28800
1.9605028629302979	4.854870439885417e-06	30400
1.7780864238739014	4.687892669608118e-06	32000
1.6112539768218994	4.572861143969931e-06	33600
1.4595165252685547	4.470969543035608e-06	35200
1.3269424438476562	4.375843673187774e-06	36800
1.2035486698150635	4.263887149136281e-06	38400
1.086911678314209	4.156111572228838e-06	40000
0.974928617477417	4.037665348732844e-06	41600
0.8947566151618958	3.91903950003325e-06	43200
0.8321925401687622	3.865507096634246e-06	44800
0.7600630521774292	3.7948659610265167e-06	46400
0.7107422947883606	3.7198378777247854e-06	48000
0.6455193758010864	3.640979912233888e-06	49600
0.6014463901519775	3.559680180842406e-06	51200
0.5633754730224609	3.471377112873597e-06	52800
0.5257486701011658	3.4058173241646728e-06	54400
0.4903905391693115	3.367823410371784e-06	56000
0.45406919717788696	3.3184633139171638e-06	57600
0.4234684705734253	3.273813717896701e-06	59200
0.3953365087509155	3.2188183922698954e-06	60800
0.36854350566864014	3.160543428748497e-06	62400
0.34864312410354614	3.096404952884768e-06	64000
0.33369147777557373	3.0522792258125264e-06	65600
0.31637439131736755	3.0123887881927658e-06	67200
0.2960922420024872	2.971838512166869e-06	68800
0.27903711795806885	2.929517904703971e-06	70400
0.26263612508773804	2.8871354516013525e-06	72000
0.24964037537574768	2.8391370960889617e-06	73600
0.23658549785614014	2.788507117656991e-06	75200
0.22577205300331116	2.753017497525434e-06	76800
0.2174248993396759	2.7268115445622243e-06	78400
0.20740753412246704	2.6895638711721404e-06	80000
0.2013842910528183	2.6556358534435276e-06	81600
0.18900124728679657	2.6202790195384296e-06	83200
0.18264347314834595	2.5785229809116572e-06	84800
0.1780974417924881	2.5407728116988437e-06	86400
0.1721065640449524	2.5257947982026963e-06	88000
0.16462725400924683	2.5081578769459156e-06	89600
0.1603662073612213	2.4811174625938293e-06	91200
0.15378230810165405	2.4518335521861445e-06	92800
0.14956000447273254	2.419286602162174e-06	94400
0.14672523736953735	2.387696213190793e-06	96000
0.14193961024284363	2.3574161787109915e-06	97600
0.13660037517547607	2.3420814159180736e-06	99200
0.13375625014305115	2.32238585340383e-06	100800
0.13114559650421143	2.29744682656019e-06	102400
0.12859927117824554	2.2750843982066726e-06	104000
0.1263388693332672	2.251976411571377e-06	105600
0.1220935732126236	2.2217564037418924e-06	107200
0.11887551099061966	2.2006920517014805e-06	108800
0.11696140468120575	2.1888743049203185e-06	110400
0.11505091935396194	2.1758514776593074e-06	112000
0.11297662556171417	2.1590690266748425e-06	113600
0.11109642684459686	2.1392474991444033e-06	115200
0.10916125774383545	2.118252268701326e-06	116800
0.10613247752189636	2.093377361234161e-06	118400
0.10452176630496979	2.0793261228391202e-06	120000
0.10290901362895966	2.068516778308549e-06	121600
0.10130529850721359	2.054748165392084e-06	123200
0.09980535507202148	2.040219214904937e-06	124800
0.09808987379074097	2.020718511630548e-06	126400
0.09646286070346832	1.999873575186939e-06	128000
0.09520284831523895	1.9821627574856393e-06	129600
0.09388171136379242	1.975618488359032e-06	131200
0.09245135635137558	1.963038357644109e-06	132800
0.09110869467258453	1.949218358276994e-06	134400
0.08959484100341797	1.9322269508847967e-06	136000
0.08839397877454758	1.915728944368311e-06	137600
0.0869704857468605	1.8976913906953996e-06	139200
0.08570198714733124	1.8819823708327021e-06	140800
0.08441945165395737	1.8718685623753117e-06	142400
0.0833410769701004	1.8622189372763387e-06	144000
0.08224697411060333	1.8515148667574977e-06	145600
0.08098860085010529	1.8392231595498743e-06	147200
0.08002151548862457	1.8229318357043667e-06	148800
0.07904267311096191	1.8093302287525148e-06	150400
0.07776011526584625	1.7969597365663503e-06	152000
0.07694142311811447	1.7907080973600387e-06	153600
0.07577286660671234	1.7800832665670896e-06	155200
0.07478871941566467	1.7668880900600925e-06	156800
0.07386337220668793	1.7534408698338666e-06	158400
0.0732269436120987	1.742532845128153e-06	160000
0.07241213321685791	1.7280049178225454e-06	161600
0.07158501446247101	1.7209265479323221e-06	163200
0.07082062214612961	1.7145748643088154e-06	164800
0.07009928673505783	1.7070025251086918e-06	166400
0.06943254172801971	1.6987089566100622e-06	168000
0.06870851665735245	1.687712938291952e-06	169600
0.06787109375	1.6757936691647046e-06	171200
0.06702566146850586	1.6648439213895472e-06	172800
0.06621972471475601	1.6597804233242641e-06	174400
0.06538413465023041	1.6506530755577842e-06	176000
0.06452587246894836	1.6387097048209398e-06	177600
0.06382302194833755	1.628590325708501e-06	179200
0.06304386258125305	1.6174452639461379e-06	180800
0.06236180663108826	1.605295437911991e-06	182400
0.06160499528050423	1.5966436421877006e-06	184000
0.06099700182676315	1.5919457609925303e-06	185600
0.0603167898952961	1.5838949138924363e-06	187200
0.05974484980106354	1.5760317637614207e-06	188800
0.05914559215307236	1.5676166640332667e-06	190400
0.05867956951260567	1.5604155123583041e-06	192000
0.05814902111887932	1.5508599062741268e-06	193600
0.05761497840285301	1.5457046629308024e-06	195200
0.05700845271348953	1.539521122140286e-06	196800
0.05652531981468201	1.5344631947300513e-06	198400
0.055942289531230927	1.5265388810803415e-06	200000
0.05045526474714279	1.4822717275819741e-06	201600
0.04678313061594963	1.455965502827894e-06	203200
0.04435119777917862	1.4331253623822704e-06	204800
0.04249928519129753	1.4066996527617448e-06	206400
0.04097273200750351	1.382033360641799e-06	208000
0.039927974343299866	1.3646589422933175e-06	209600
0.03918716311454773	1.3506121376849478e-06	211200
0.03858678787946701	1.3394966345003922e-06	212800
0.03820180892944336	1.332705323875416e-06	214400
0.03793831169605255	1.3277951893542195e-06	216000
0.03750535473227501	1.3209325970819918e-06	217600
0.03701118379831314	1.3118147990098805e-06	219200
0.03656647726893425	1.3034401717959554e-06	220800
0.03633783757686615	1.297745484407642e-06	222400
0.03611450642347336	1.295692527492065e-06	224000
0.03591081500053406	1.2912647662233212e-06	225600
0.03561902046203613	1.2849225186073454e-06	227200
0.03548962622880936	1.281489403481828e-06	228800
0.03525354713201523	1.2771502042596694e-06	230400
0.03517967090010643	1.2750552969009732e-06	232000
0.03498849272727966	1.2707287169178016e-06	233600
0.034814558923244476	1.2671738431890844e-06	235200
0.034641433507204056	1.2647608400584431e-06	236800
0.0344821959733963	1.25953317819949e-06	238400
0.034426189959049225	1.2586181128426688e-06	240000
0.03417719900608063	1.2558721209643409e-06	241600
0.034047793596982956	1.2530364301710506e-06	243200
0.03393358364701271	1.2490031622292008e-06	244800
0.03385310620069504	1.244987060999847e-06	246400
0.033915191888809204	1.2444900221453281e-06	248000
0.03378674387931824	1.2419292261256487e-06	249600
0.03372630476951599	1.240044412043062e-06	251200
0.03354218602180481	1.2356399565760512e-06	252800
0.033500924706459045	1.2345159348114976e-06	254400
0.03328753635287285	1.2299498166612466e-06	256000
0.03308301791548729	1.227258394465025e-06	257600
0.033067233860492706	1.2271451623746543e-06	259200
0.032877132296562195	1.2231766959303059e-06	260800
0.03270433470606804	1.219294972543139e-06	262400
0.032713454216718674	1.219921841766336e-06	264000
0.032672278583049774	1.2183182889202726e-06	265600
0.032624781131744385	1.2175962638139026e-06	267200
0.032455991953611374	1.2133704103689524e-06	268800
0.03228875994682312	1.2110456282243831e-06	270400
0.03215375170111656	1.2071516266587423e-06	272000
0.03202896937727928	1.2080713531759102e-06	273600
0.03208983689546585	1.208778712680214e-06	275200
0.03206859156489372	1.2086173910574871e-06	276800
0.03209594637155533	1.2101245374651626e-06	278400
0.032118670642375946	1.2097912076569628e-06	280000
0.03208717703819275	1.210226059811248e-06	281600
0.032041117548942566	1.2082754210496205e-06	283200
0.03213655948638916	1.2086743481631856e-06	284800
0.03218986093997955	1.2101154425181448e-06	286400
0.03212210536003113	1.2057575986545999e-06	288000
0.03206656128168106	1.20302217965218e-06	289600
0.03199931979179382	1.2007538998659584e-06	291200
0.031989116221666336	1.1993356565653812e-06	292800
0.032003939151763916	1.1974793778790627e-06	294400
0.03199029713869095	1.1975710094702663e-06	296000
0.03184641897678375	1.1939706610064604e-06	297600
0.03193369507789612	1.19587230074103e-06	299200
0.031916409730911255	1.1942908031414845e-06	300800
0.03188515454530716	1.19388835173595e-06	302400
0.03188217058777809	1.1935966313103563e-06	304000
0.031949859112501144	1.1942006494791713e-06	305600
0.03186448663473129	1.1925340004381724e-06	307200
0.03173988685011864	1.191112573906139e-06	308800
0.03159331530332565	1.1898174534508144e-06	310400
0.0316779725253582	1.1915707318621571e-06	312000
0.03172478452324867	1.1908631449841778e-06	313600
0.031842801719903946	1.1921935083591961e-06	315200
0.031944382935762405	1.1946500535486848e-06	316800
0.03188712149858475	1.194894593936624e-06	318400
0.03199442848563194	1.1975075722148176e-06	320000
0.032063018530607224	1.1985372339040623e-06	321600
0.03200169652700424	1.197636038341443e-06	323200
0.03204428404569626	1.1979871032963274e-06	324800
0.03196891397237778	1.1965911426159437e-06	326400
0.03204619884490967	1.1982059504589415e-06	328000
0.03202684223651886	1.198877953356714e-06	329600
0.03184390813112259	1.196000084746629e-06	331200
0.03186113387346268	1.1972808806604007e-06	332800
0.03180982545018196	1.1962500821027788e-06	334400
0.03176301345229149	1.1958047707594233e-06	336000
0.031711041927337646	1.1943038771278225e-06	337600
0.0315685011446476	1.1918860991499969e-06	339200
0.031606290489435196	1.1906985264431569e-06	340800
0.03159385174512863	1.1908240367120015e-06	342400
0.03152482211589813	1.1897750482603442e-06	344000
0.031401414424180984	1.1870592970808502e-06	345600
0.031254153698682785	1.1840738807222806e-06	347200
0.031181465834379196	1.182218056783313e-06	348800
0.031164688989520073	1.1815818652394228e-06	350400
0.03107217513024807	1.1790269809353049e-06	352000
0.031008455902338028	1.1767989462896367e-06	353600
0.031000284478068352	1.1757524589484092e-06	355200
0.031048275530338287	1.178251864075719e-06	356800
0.030887506902217865	1.176092268906359e-06	358400
0.030687179416418076	1.1739925867004786e-06	360000
0.030627362430095673	1.1712985497069894e-06	361600
0.030619844794273376	1.1715945902324165e-06	363200
0.030695490539073944	1.1732812481568544e-06	364800
0.030725985765457153	1.1738443390640896e-06	366400
0.030618030577898026	1.1719387202901999e-06	368000
0.030628977343440056	1.1703291420417372e-06	369600
0.03075949102640152	1.1728420759027358e-06	371200
0.03086915984749794	1.1747437156373053e-06	372800
0.030933817848563194	1.177303943222796e-06	374400
0.030925385653972626	1.1747187045330065e-06	376000
0.030927877873182297	1.1747811186069157e-06	377600
0.030890515074133873	1.1747559938157792e-06	379200
0.030743706971406937	1.1719827170963981e-06	380800
0.03081228956580162	1.1730738833648502e-06	382400
0.030863868072628975	1.1733719702533563e-06	384000
0.030829764902591705	1.1734830422938103e-06	385600
0.030695680528879166	1.1719437225110596e-06	387200
0.030630622059106827	1.171545363831683e-06	388800
0.03077397309243679	1.1743748018488986e-06	390400
0.030672114342451096	1.1727681794582168e-06	392000
0.030737370252609253	1.173982582258759e-06	393600
0.030773920938372612	1.1745797792173107e-06	395200
0.03073594905436039	1.1744315315809217e-06	396800
0.03087243065237999	1.1777668760259985e-06	398400
0.03090195171535015	1.177314629785542e-06	400000
0.03098064288496971	1.1788526990130777e-06	401600
0.030811114236712456	1.1756441153920605e-06	403200
0.030754849314689636	1.173718828795245e-06	404800
0.030847422778606415	1.1754052593460074e-06	406400
0.030821233987808228	1.1747803227990516e-06	408000
0.03077608160674572	1.1732163329725154e-06	409600
0.030735604465007782	1.1719440635715728e-06	411200
0.030483189970254898	1.1684836636050022e-06	412800
0.030451752245426178	1.1648318150037085e-06	414400
0.03051675297319889	1.1665364354485064e-06	416000
0.030416857451200485	1.1651078466456966e-06	417600
0.03046729415655136	1.1662347105811932e-06	419200
0.03050941973924637	1.1665171086860937e-06	420800
0.030406679958105087	1.1635636383289238e-06	422400
0.030444003641605377	1.1622413467193837e-06	424000
0.030446814373135567	1.1618653843470383e-06	425600
0.030514977872371674	1.1633622989393189e-06	427200
0.030463483184576035	1.1620034001680324e-06	428800
0.03036167100071907	1.1593810995691456e-06	430400
0.030325327068567276	1.159453631771612e-06	432000
0.030316606163978577	1.160701231128769e-06	433600
0.030400490388274193	1.1620402347034542e-06	435200
0.030377687886357307	1.161509430858132e-06	436800
0.030386118218302727	1.1606351790760527e-06	438400
0.03033849038183689	1.1612485195655609e-06	440000
0.030170146375894547	1.1587844710447825e-06	441600
0.030214717611670494	1.159882003776147e-06	443200
0.030131619423627853	1.1591400834731758e-06	444800
0.030250176787376404	1.1596068816288607e-06	446400
0.030194194987416267	1.1585932497837348e-06	448000
0.030181771144270897	1.1572070661713951e-06	449600
0.030365530401468277	1.1586798791540787e-06	451200
0.030459178611636162	1.1606557563936803e-06	452800
0.03061199188232422	1.1644320920822793e-06	454400
0.03065190464258194	1.1645572612906108e-06	456000
0.03065868839621544	1.1644037840596866e-06	457600
0.030603136867284775	1.1629425671344507e-06	459200
0.030588272958993912	1.1624834996837308e-06	460800
0.030576646327972412	1.1629718983385828e-06	462400
0.030629660934209824	1.1630498875092599e-06	464000
0.030628422275185585	1.165571575256763e-06	465600
0.030673522502183914	1.1672866548906313e-06	467200
0.030665108934044838	1.1684585388138657e-06	468800
0.030705658718943596	1.1699145261445665e-06	470400
0.03073718398809433	1.1712558034560061e-06	472000
0.03081192634999752	1.1720568409145926e-06	473600
0.030836066231131554	1.1715684422597406e-06	475200
0.030851375311613083	1.171289341073134e-06	476800
0.030839040875434875	1.1695319699356332e-06	478400
0.030793115496635437	1.1707879821187817e-06	480000
0.03083678148686886	1.1714254242178868e-06	481600
0.030914679169654846	1.1725453532562824e-06	483200
0.030914725735783577	1.1737176919268677e-06	484800
0.03083675354719162	1.1728094477803097e-06	486400
0.030907513573765755	1.1740154377548606e-06	488000
0.030970819294452667	1.1751200190701638e-06	489600
0.030853750184178352	1.1718045698216883e-06	491200
0.030757315456867218	1.1712241985151195e-06	492800
0.03062346763908863	1.1679063618430519e-06	494400
0.03061826527118683	1.1660938525892561e-06	496000
0.030466949567198753	1.1634822385531152e-06	497600
0.030362997204065323	1.160539113698178e-06	499200
0.030187411233782768	1.1583798595893313e-06	500800
0.030147328972816467	1.156227426690748e-06	502400
0.030169259756803513	1.1556904837561888e-06	504000
0.03023160994052887	1.1580045793380123e-06	505600
0.030148576945066452	1.1570583637876553e-06	507200
0.030019856989383698	1.1541402500370168e-06	508800
0.03012779913842678	1.1561966175577254e-06	510400
0.03014870546758175	1.1576635188248474e-06	512000
0.030116241425275803	1.1567502724574297e-06	513600
0.03009849041700363	1.1561129440451623e-06	515200
0.030193107202649117	1.1557589232324972e-06	516800
0.03036363050341606	1.1589403356992989e-06	518400
0.030265681445598602	1.1568631634872872e-06	520000
0.03027481585741043	1.1558344112927443e-06	521600
0.030325723811984062	1.1554783441170002e-06	523200
0.03025285340845585	1.1551666148079676e-06	524800
0.030309971421957016	1.1562150348254363e-06	526400
0.030420631170272827	1.1558477126527578e-06	528000
0.030403971672058105	1.1566863804546301e-06	529600
0.03031945787370205	1.1553553349585854e-06	531200
0.030225664377212524	1.1538855915205204e-06	532800
0.030176233500242233	1.1517269058458623e-06	534400
0.030176237225532532	1.1528674122018856e-06	536000
0.030254565179347992	1.1542960010046954e-06	537600
0.03032500669360161	1.1567044566618279e-06	539200
0.0304103996604681	1.1596262083912734e-06	540800
0.030561238527297974	1.1607704664129415e-06	542400
0.030486684292554855	1.1598406217672164e-06	544000
0.030597355216741562	1.1612559092100128e-06	545600
0.03071817196905613	1.1634343763944344e-06	547200
0.03075694479048252	1.1648522786344984e-06	548800
0.030859265476465225	1.1665342753985897e-06	550400
0.03070703148841858	1.164593072644493e-06	552000
0.030638914555311203	1.1648783129203366e-06	553600
0.030674699693918228	1.1648070312730852e-06	555200
0.030613142997026443	1.1643733159871772e-06	556800
0.030626602470874786	1.1669234254441108e-06	558400
0.030488576740026474	1.164012019216898e-06	560000
0.030438363552093506	1.166001197816513e-06	561600
0.030413378030061722	1.1655373555186088e-06	563200
0.030520081520080566	1.1671338597807335e-06	564800
0.030383408069610596	1.1641739092738135e-06	566400
0.030345050618052483	1.1640619277386577e-06	568000
0.03037732094526291	1.1639542663033353e-06	569600
0.030346635729074478	1.1634186876108288e-06	571200
0.03028235025703907	1.1604832934608567e-06	572800
0.030239712446928024	1.1605784493440297e-06	574400
0.03022393211722374	1.1596122249102336e-06	576000
0.030175864696502686	1.1593824638111982e-06	577600
0.030228186398744583	1.1598821174629848e-06	579200
0.030123118311166763	1.1598085620789789e-06	580800
0.030229603871703148	1.1632992027443834e-06	582400
0.030387118458747864	1.165674120784388e-06	584000
0.030420366674661636	1.1655291700662929e-06	585600
0.030373482033610344	1.1645628319456591e-06	587200
0.030331652611494064	1.1642775916698156e-06	588800
0.030179060995578766	1.1602678569033742e-06	590400
0.030129194259643555	1.1582538945731358e-06	592000
0.030072594061493874	1.1564692385945818e-06	593600
0.030084487050771713	1.156489588538534e-06	595200
0.030173618346452713	1.1586670325414161e-06	596800
0.030214333906769753	1.1589994528549141e-06	598400
0.030166983604431152	1.157651013272698e-06	600000
0.03012903220951557	1.1563878388187732e-06	601600
0.03012116253376007	1.1562299278011778e-06	603200
0.030112408101558685	1.156735834229039e-06	604800
0.03009868413209915	1.1572526545933215e-06	606400
0.030063439160585403	1.1577131999729318e-06	608000
0.030055660754442215	1.1570665492399712e-06	609600
0.030137106776237488	1.159041175924358e-06	611200
0.03000236675143242	1.1565608701857855e-06	612800
0.02992067113518715	1.156668872681621e-06	614400
0.029928365722298622	1.1548567044883384e-06	616000
0.029980693012475967	1.155977088274085e-06	617600
0.029984746128320694	1.1579494412217173e-06	619200
0.029945768415927887	1.157044948740804e-06	620800
0.029863771051168442	1.1555047194633516e-06	622400
0.029757369309663773	1.1541030744410818e-06	624000
0.02982328087091446	1.154883420895203e-06	625600
0.029776407405734062	1.1524823548825225e-06	627200
0.02955402061343193	1.1482878790047835e-06	628800
0.0296426173299551	1.1501540484459838e-06	630400
0.02961335889995098	1.1479453405627282e-06	632000
0.029573211446404457	1.1469242053863127e-06	633600
0.02952081896364689	1.1451355703684385e-06	635200
0.02929832972586155	1.1393990462238435e-06	636800
0.02918015792965889	1.1374661426089006e-06	638400
0.029172319918870926	1.1360993994458113e-06	640000
0.02924790419638157	1.1377823057046044e-06	641600
0.02927521988749504	1.1366149692548788e-06	643200
0.029213305562734604	1.1349738997523673e-06	644800
0.029186544939875603	1.134620788434404e-06	646400
0.029122063890099525	1.1335416729707504e-06	648000
0.029013633728027344	1.1304957752145128e-06	649600
0.028965091332793236	1.1293848274362972e-06	651200
0.029017295688390732	1.128441567743721e-06	652800
0.029001805931329727	1.1280459375484497e-06	654400
0.02900814637541771	1.1290887869108701e-06	656000
0.028984196484088898	1.129442466663022e-06	657600
0.02896989695727825	1.1269327160334797e-06	659200
0.028983576223254204	1.1276111990810023e-06	660800
0.029049674049019814	1.126359620684525e-06	662400
0.02901848778128624	1.1248401960983756e-06	664000
0.029119089245796204	1.1282080549790408e-06	665600
0.029007136821746826	1.1283017329333234e-06	667200
0.028911396861076355	1.1265777857261128e-06	668800
0.02890620008111	1.1265992725384422e-06	670400
0.02891935408115387	1.1269335118413437e-06	672000
0.029017094522714615	1.1276420082140248e-06	673600
0.02907550148665905	1.127269911194162e-06	675200
0.02903923951089382	1.125916924138437e-06	676800
0.029027707874774933	1.1271858966210857e-06	678400
0.02910097874701023	1.1290882184766815e-06	680000
0.029094617813825607	1.1319460782033275e-06	681600
0.029092272743582726	1.1301336826363695e-06	683200
0.02908611297607422	1.1307096201562672e-06	684800
0.029075924307107925	1.1321184274493135e-06	686400
0.028997372835874557	1.130200871557463e-06	688000
0.028947442770004272	1.1300481901344028e-06	689600
0.02894306555390358	1.1306965461699292e-06	691200
0.028987493366003036	1.132627858169144e-06	692800
0.028951603919267654	1.131867065851111e-06	694400
0.028925709426403046	1.1325143987050978e-06	696000
0.028917979449033737	1.131325575443043e-06	697600
0.02897840179502964	1.1326455933158286e-06	699200
0.02896472066640854	1.1316398058625055e-06	700800
0.028919223695993423	1.1323470516799716e-06	702400
0.028963183984160423	1.1311767593724653e-06	704000
0.02904433384537697	1.131773501583666e-06	705600
0.029089028015732765	1.1302061011519982e-06	707200
0.029155675321817398	1.129435986513272e-06	708800
0.029183626174926758	1.1299780453555286e-06	710400
0.029144516214728355	1.129982820202713e-06	712000
0.02925422042608261	1.1326263802402536e-06	713600
0.029410438612103462	1.1369814956196933e-06	715200
0.029368696734309196	1.13684893676691e-06	716800
0.029246170073747635	1.1346425026204088e-06	718400
0.029178129509091377	1.1328374966979027e-06	720000
0.029229072853922844	1.137112690230424e-06	721600
0.02928142622113228	1.1374415862519527e-06	723200
0.029348211362957954	1.1362723171259859e-06	724800
0.029389234259724617	1.1382724096620223e-06	726400
0.0294128879904747	1.13796863843163e-06	728000
0.029502565041184425	1.1388905249987147e-06	729600
0.029508644714951515	1.137801632467017e-06	731200
0.029386036098003387	1.1349895885359729e-06	732800
0.02946600876748562	1.1344667427692912e-06	734400
0.029391631484031677	1.1338161129970104e-06	736000
0.029360119253396988	1.1336902616676525e-06	737600
0.02935006469488144	1.133616592596809e-06	739200
0.02922796830534935	1.1316973314023926e-06	740800
0.029114574193954468	1.1296067441435298e-06	742400
0.029169894754886627	1.1306412943667965e-06	744000
0.02917066588997841	1.1302145139779896e-06	745600
0.02900812402367592	1.127910650211561e-06	747200
0.028977632522583008	1.1272338724666042e-06	748800
0.028912479057908058	1.1267020454397425e-06	750400
0.02903072163462639	1.1267585477980901e-06	752000
0.029100265353918076	1.1287289680694812e-06	753600
0.029196541756391525	1.1305470479783253e-06	755200
0.02920405939221382	1.130933924287092e-06	756800
0.029175490140914917	1.1301581253064796e-06	758400
0.029122747480869293	1.128412918660615e-06	760000
0.029147714376449585	1.1301128779450664e-06	761600
0.029071597382426262	1.1298155868644244e-06	763200
0.029048696160316467	1.1300490996291046e-06	764800
0.029032845050096512	1.1313650247757323e-06	766400
0.029138386249542236	1.1333020211168332e-06	768000
0.029044918715953827	1.1324772231091629e-06	769600
0.029041839763522148	1.1321490092086606e-06	771200
0.028954923152923584	1.1315736401229515e-06	772800
0.028814617544412613	1.128598341892939e-06	774400
0.02875882014632225	1.1256299785600277e-06	776000
0.028737058863043785	1.125343146668456e-06	777600
0.0287037156522274	1.1237686976528494e-06	779200
0.028638716787099838	1.122862613556208e-06	780800
0.028695616871118546	1.124096343119163e-06	782400
0.028655365109443665	1.1229432175241527e-06	784000
0.028664570301771164	1.123694119087304e-06	785600
0.02874642238020897	1.1253862339799525e-06	787200
0.028762798756361008	1.1235090369154932e-06	788800
0.02883768454194069	1.1242444770687143e-06	790400
0.02891940250992775	1.125153630709974e-06	792000
0.02890358865261078	1.1245282394156675e-06	793600
0.02887101098895073	1.1232782526349183e-06	795200
0.028749413788318634	1.1212481467737234e-06	796800
0.028790369629859924	1.1213483048777562e-06	798400
0.0287197083234787	1.1206691397092072e-06	800000
0.028629576787352562	1.118734303418023e-06	801600
0.028621168807148933	1.1183710739715025e-06	803200
0.028655001893639565	1.1192238389412523e-06	804800
0.02862199954688549	1.1210644288439653e-06	806400
0.0286006648093462	1.1208805972273694e-06	808000
0.028600478544831276	1.118798422794498e-06	809600
0.028652116656303406	1.1200743301742477e-06	811200
0.02871236763894558	1.1196946161362575e-06	812800
0.0288521908223629	1.1229968777115573e-06	814400
0.028867406770586967	1.1239437753829407e-06	816000
0.028888393193483353	1.1257218375249067e-06	817600
0.028876373544335365	1.1248750979575561e-06	819200
0.028885092586278915	1.1260573273830232e-06	820800
0.028911225497722626	1.1243439530517207e-06	822400
0.02894125133752823	1.124907043958956e-06	824000
0.02899220958352089	1.1259041912126122e-06	825600
0.02897646091878414	1.1256209972998477e-06	827200
0.02912658266723156	1.1268416528764647e-06	828800
0.02916264533996582	1.1285625305390568e-06	830400
0.02921581082046032	1.1280843636995996e-06	832000
0.029017210006713867	1.1230548579987953e-06	833600
0.029000937938690186	1.1225807838854962e-06	835200
0.029069609940052032	1.12384850581293e-06	836800
0.029083847999572754	1.123796209867578e-06	838400
0.029135506600141525	1.1230139307372156e-06	840000
0.02908916398882866	1.121652644542337e-06	841600
0.02903873845934868	1.1222379043829278e-06	843200
0.02906564436852932	1.1245310815866105e-06	844800
0.02904895320534706	1.1252906233494286e-06	846400
0.029148241505026817	1.1238460047025e-06	848000
0.029080312699079514	1.1218448889849242e-06	849600
0.02900005504488945	1.1210757975277374e-06	851200
0.028920836746692657	1.121079208132869e-06	852800
0.028850007802248	1.118876070904662e-06	854400
0.02874148264527321	1.1173840448464034e-06	856000
0.02857959270477295	1.116109274335031e-06	857600
0.028562013059854507	1.1137987030451768e-06	859200
0.028626082465052605	1.1150540331072989e-06	860800
0.0285598486661911	1.1139940170323825e-06	862400
0.028582606464624405	1.114075075747678e-06	864000
0.028600115329027176	1.1150626733069657e-06	865600
0.028485208749771118	1.113552002607321e-06	867200
0.02863859385251999	1.1154072581121e-06	868800
0.02874831110239029	1.1167837783432333e-06	870400
0.02881307527422905	1.1195544402653468e-06	872000
0.028813324868679047	1.1195198794666794e-06	873600
0.028808875009417534	1.118861291615758e-06	875200
0.028869930654764175	1.1194069884368218e-06	876800
0.02910527028143406	1.1223497722312459e-06	878400
0.02911524847149849	1.1235663350817049e-06	880000
0.029115507379174232	1.1231902590225218e-06	881600
0.029030349105596542	1.120981210078753e-06	883200
0.028945468366146088	1.1190398936378187e-06	884800
0.02883864752948284	1.1178361774000223e-06	886400
0.02880607545375824	1.1182829666722682e-06	888000
0.028744570910930634	1.1185898074472789e-06	889600
0.028698628768324852	1.1188521966687404e-06	891200
0.02875763364136219	1.1203668464077055e-06	892800
0.028836365789175034	1.1220600981687312e-06	894400
0.02882123924791813	1.122392177421716e-06	896000
0.028781548142433167	1.1212378012714908e-06	897600
0.028827179223299026	1.1219585758226458e-06	899200
0.02893192693591118	1.1238838624194614e-06	900800
0.02897503972053528	1.1244044344493886e-06	902400
0.029024742543697357	1.1266657793385093e-06	904000
0.02895856276154518	1.1237552826059982e-06	905600
0.02888067625463009	1.122788717111689e-06	907200
0.02896720916032791	1.1252773219894152e-06	908800
0.029032407328486443	1.1267807167314459e-06	910400
0.0290825255215168	1.1261248573646299e-06	912000
0.029124027118086815	1.1264463637417066e-06	913600
0.029118157923221588	1.1273577911197208e-06	915200
0.0291142500936985	1.1279247473794385e-06	916800
0.029032617807388306	1.126652819039009e-06	918400
0.02889847382903099	1.1231478538320516e-06	920000
0.028790919110178947	1.1202027963008732e-06	921600
0.02882358431816101	1.1216676512049162e-06	923200
0.02877070941030979	1.1205684131709859e-06	924800
0.028689999133348465	1.1197647609151318e-06	926400
0.02871350571513176	1.119186777032155e-06	928000
0.02880290150642395	1.1211734545213403e-06	929600
0.02873794361948967	1.1205444252482266e-06	931200
0.028818003833293915	1.1240373396503855e-06	932800
0.028849955648183823	1.1232202723476803e-06	934400
0.028711749240756035	1.1232610859224224e-06	936000
0.02888042852282524	1.12543625618855e-06	937600
0.028867406770586967	1.1251805744905141e-06	939200
0.028735054656863213	1.1211601531613269e-06	940800
0.028720922768115997	1.1221061413380085e-06	942400
0.028686702251434326	1.1213546713406686e-06	944000
0.028693262487649918	1.1210920547455316e-06	945600
0.02869126945734024	1.1218909321542014e-06	947200
0.028732232749462128	1.1212580375286052e-06	948800
0.028822218999266624	1.1225100706724334e-06	950400
0.028833020478487015	1.123041897699295e-06	952000
0.028933435678482056	1.1241545507800765e-06	953600
0.028989005833864212	1.1252036529185716e-06	955200
0.029003016650676727	1.1256054222030798e-06	956800
0.029003851115703583	1.123356810239784e-06	958400
0.029171593487262726	1.12427562726225e-06	960000
0.02920500375330448	1.12588634237909e-06	961600
0.02921692281961441	1.1267220543231815e-06	963200
0.02917955070734024	1.1270461754975258e-06	964800
0.029053784906864166	1.127699533753912e-06	966400
0.028964048251509666	1.1271254152234178e-06	968000
0.029003165662288666	1.128490112023428e-06	969600
0.029093917459249496	1.1295587682980113e-06	971200
0.029050089418888092	1.128866301769449e-06	972800
0.029030734673142433	1.1292963790765498e-06	974400
0.029074188321828842	1.1298923254798865e-06	976000
0.0290403813123703	1.12971201815526e-06	977600
0.029010025784373283	1.1282319292149623e-06	979200
0.02895720861852169	1.1271148423475097e-06	980800
0.02894934080541134	1.12488737613603e-06	982400
0.028955481946468353	1.1255117442487972e-06	984000
0.028980568051338196	1.1264654631304438e-06	985600
0.028988655656576157	1.12709187760629e-06	987200
0.028919823467731476	1.1267832178418757e-06	988800
0.028969386592507362	1.1303905012027826e-06	990400
0.028971446678042412	1.129429392676684e-06	992000
0.029013454914093018	1.129021484302939e-06	993600
0.02885616198182106	1.1256287280048127e-06	995200
0.028929078951478004	1.126852907873399e-06	996800
0.028851794078946114	1.126269808082725e-06	998400
0.028967611491680145	1.127700329561776e-06	1000000
