9.566105	0.0000018938	1600
9.376799	0.0000018713	3200
9.192675	0.0000018468	4800
8.987910	0.0000018204	6400
8.759556	0.0000017875	8000
8.549382	0.0000017549	9600
8.348942	0.0000017250	11200
8.143619	0.0000016964	12800
7.945870	0.0000016666	14400
7.753977	0.0000016371	16000
7.557267	0.0000016065	17600
7.362059	0.0000015753	19200
7.171308	0.0000015429	20800
6.977774	0.0000015087	22400
6.783467	0.0000014767	24000
6.592260	0.0000014445	25600
6.404756	0.0000014108	27200
6.221255	0.0000013802	28800
6.041413	0.0000013483	30400
5.866633	0.0000013171	32000
5.696785	0.0000012868	33600
5.531781	0.0000012562	35200
5.367983	0.0000012280	36800
5.214746	0.0000012029	38400
5.063932	0.0000011778	40000
4.920751	0.0000011525	41600
4.780247	0.0000011273	43200
4.648397	0.0000011026	44800
4.519697	0.0000010788	46400
4.393525	0.0000010557	48000
4.269855	0.0000010335	49600
4.149816	0.0000010120	51200
4.034700	0.0000009915	52800
3.920327	0.0000009702	54400
3.811521	0.0000009489	56000
3.705748	0.0000009284	57600
3.602593	0.0000009086	59200
3.505413	0.0000008893	60800
3.410897	0.0000008700	62400
3.317537	0.0000008515	64000
3.226503	0.0000008321	65600
3.139471	0.0000008145	67200
3.054318	0.0000007968	68800
2.969418	0.0000007859	70400
2.890336	0.0000007800	72000
2.811684	0.0000007729	73600
2.735004	0.0000007669	75200
2.662024	0.0000007600	76800
2.591450	0.0000007530	78400
2.523805	0.0000007463	80000
2.471467	0.0000007395	81600
2.421714	0.0000007332	83200
2.358924	0.0000007267	84800
2.307406	0.0000007201	86400
2.265731	0.0000007131	88000
2.226362	0.0000007063	89600
2.185416	0.0000006992	91200
2.139371	0.0000006928	92800
2.093045	0.0000006852	94400
2.051733	0.0000006776	96000
2.009065	0.0000006706	97600
1.972644	0.0000006639	99200
1.935509	0.0000006575	100800
1.901119	0.0000006502	102400
1.869228	0.0000006439	104000
1.836553	0.0000006369	105600
1.797700	0.0000006300	107200
1.758202	0.0000006231	108800
1.723369	0.0000006160	110400
1.691078	0.0000006099	112000
1.651161	0.0000006023	113600
1.608260	0.0000005953	115200
1.568942	0.0000005886	116800
1.541284	0.0000005816	118400
1.513653	0.0000005747	120000
1.486484	0.0000005683	121600
1.457227	0.0000005617	123200
1.427627	0.0000005551	124800
1.400935	0.0000005481	126400
1.375774	0.0000005412	128000
1.347944	0.0000005348	129600
1.323485	0.0000005276	131200
1.299200	0.0000005213	132800
1.276206	0.0000005147	134400
1.254520	0.0000005081	136000
1.230408	0.0000005015	137600
1.205736	0.0000004954	139200
1.182675	0.0000004935	140800
1.161757	0.0000004923	142400
1.140836	0.0000004911	144000
1.122622	0.0000004902	145600
1.102608	0.0000004887	147200
1.084729	0.0000004872	148800
1.064786	0.0000004855	150400
1.046497	0.0000004835	152000
1.029007	0.0000004819	153600
1.010029	0.0000004799	155200
0.993663	0.0000004783	156800
0.978098	0.0000004769	158400
0.963092	0.0000004756	160000
0.947456	0.0000004741	161600
0.932957	0.0000004726	163200
0.919696	0.0000004712	164800
0.905739	0.0000004700	166400
0.892150	0.0000004690	168000
0.877300	0.0000004681	169600
0.863613	0.0000004672	171200
0.850602	0.0000004663	172800
0.838459	0.0000004654	174400
0.825989	0.0000004645	176000
0.814254	0.0000004638	177600
0.803249	0.0000004630	179200
0.791814	0.0000004624	180800
0.781023	0.0000004619	182400
0.770426	0.0000004614	184000
0.759570	0.0000004608	185600
0.749994	0.0000004604	187200
0.740970	0.0000004599	188800
0.731362	0.0000004596	190400
0.722883	0.0000004591	192000
0.713534	0.0000004588	193600
0.705072	0.0000004585	195200
0.695444	0.0000004583	196800
0.687162	0.0000004580	198400
0.678581	0.0000004578	200000
0.668369	0.0000004575	201600
0.660241	0.0000004572	203200
0.652595	0.0000004571	204800
0.645256	0.0000004568	206400
0.637475	0.0000004567	208000
0.630359	0.0000004566	209600
0.623668	0.0000004564	211200
0.617680	0.0000004564	212800
0.612745	0.0000004563	214400
0.607942	0.0000004563	216000
0.603153	0.0000004562	217600
0.599095	0.0000004561	219200
0.596970	0.0000004561	220800
0.596092	0.0000004561	222400
0.593644	0.0000004561	224000
0.592472	0.0000004561	225600
0.589868	0.0000004561	227200
0.588373	0.0000004560	228800
0.586819	0.0000004560	230400
0.585293	0.0000004560	232000
0.584468	0.0000004560	233600
0.583227	0.0000004561	235200
0.582008	0.0000004561	236800
0.580668	0.0000004561	238400
0.579618	0.0000004561	240000
0.577768	0.0000004561	241600
0.576444	0.0000004561	243200
0.575317	0.0000004560	244800
0.574102	0.0000004560	246400
0.572994	0.0000004560	248000
0.571328	0.0000004560	249600
0.570203	0.0000004560	251200
0.569757	0.0000004560	252800
0.568330	0.0000004560	254400
0.567642	0.0000004560	256000
0.567061	0.0000004560	257600
0.566176	0.0000004560	259200
0.565124	0.0000004560	260800
0.564861	0.0000004560	262400
0.564221	0.0000004560	264000
0.563073	0.0000004560	265600
0.562438	0.0000004560	267200
0.561225	0.0000004560	268800
0.560610	0.0000004560	270400
0.558992	0.0000004560	272000
0.558347	0.0000004560	273600
0.557822	0.0000004560	275200
0.557733	0.0000004560	276800
0.558191	0.0000004560	278400
0.557947	0.0000004560	280000
0.556988	0.0000004560	281600
0.556122	0.0000004560	283200
0.556001	0.0000004560	284800
0.557153	0.0000004560	286400
0.557015	0.0000004561	288000
0.557137	0.0000004561	289600
0.556666	0.0000004561	291200
0.556401	0.0000004561	292800
0.557244	0.0000004561	294400
0.557669	0.0000004561	296000
0.557143	0.0000004561	297600
0.557135	0.0000004561	299200
0.556521	0.0000004561	300800
0.555937	0.0000004561	302400
0.556140	0.0000004561	304000
0.556397	0.0000004561	305600
0.556533	0.0000004561	307200
0.556086	0.0000004561	308800
0.555571	0.0000004561	310400
0.554756	0.0000004561	312000
0.554015	0.0000004561	313600
0.555201	0.0000004561	315200
0.554331	0.0000004561	316800
0.555355	0.0000004561	318400
0.554554	0.0000004561	320000
0.554200	0.0000004561	321600
0.553721	0.0000004561	323200
0.555239	0.0000004561	324800
0.555398	0.0000004561	326400
0.555629	0.0000004561	328000
0.554703	0.0000004561	329600
0.554780	0.0000004561	331200
0.555674	0.0000004561	332800
0.555225	0.0000004561	334400
0.554109	0.0000004561	336000
0.554709	0.0000004561	337600
0.553111	0.0000004561	339200
0.553369	0.0000004561	340800
0.552562	0.0000004561	342400
0.552004	0.0000004561	344000
0.551532	0.0000004561	345600
0.552147	0.0000004561	347200
0.551725	0.0000004561	348800
0.551856	0.0000004561	350400
0.551800	0.0000004561	352000
0.551174	0.0000004561	353600
0.550892	0.0000004561	355200
0.550548	0.0000004561	356800
0.550314	0.0000004561	358400
0.551899	0.0000004561	360000
0.552266	0.0000004561	361600
0.552204	0.0000004561	363200
0.553107	0.0000004561	364800
0.552528	0.0000004561	366400
0.552037	0.0000004561	368000
0.551396	0.0000004561	369600
0.551409	0.0000004561	371200
0.551552	0.0000004561	372800
0.551343	0.0000004561	374400
0.550993	0.0000004561	376000
0.550884	0.0000004561	377600
0.550602	0.0000004561	379200
0.550549	0.0000004561	380800
0.550013	0.0000004561	382400
0.549518	0.0000004561	384000
0.549116	0.0000004561	385600
0.550103	0.0000004561	387200
0.550410	0.0000004561	388800
0.550667	0.0000004561	390400
0.550896	0.0000004561	392000
0.551125	0.0000004561	393600
0.551326	0.0000004561	395200
0.551514	0.0000004561	396800
0.551942	0.0000004561	398400
0.552240	0.0000004561	400000
0.551373	0.0000004561	401600
0.550512	0.0000004561	403200
0.550513	0.0000004561	404800
0.551099	0.0000004561	406400
0.552033	0.0000004561	408000
0.552540	0.0000004561	409600
0.551969	0.0000004561	411200
0.551723	0.0000004561	412800
0.552299	0.0000004561	414400
0.551361	0.0000004561	416000
0.549853	0.0000004561	417600
0.548844	0.0000004561	419200
0.547839	0.0000004561	420800
0.548785	0.0000004561	422400
0.547421	0.0000004561	424000
0.546663	0.0000004561	425600
0.547337	0.0000004561	427200
0.548006	0.0000004561	428800
0.547232	0.0000004561	430400
0.547040	0.0000004561	432000
0.545868	0.0000004561	433600
0.546293	0.0000004561	435200
0.547000	0.0000004561	436800
0.546931	0.0000004561	438400
0.547190	0.0000004561	440000
0.547392	0.0000004561	441600
0.547569	0.0000004561	443200
0.547903	0.0000004561	444800
0.548272	0.0000004561	446400
0.548679	0.0000004561	448000
0.549666	0.0000004561	449600
0.549289	0.0000004561	451200
0.548876	0.0000004561	452800
0.550589	0.0000004561	454400
0.551523	0.0000004561	456000
0.552143	0.0000004561	457600
0.551452	0.0000004561	459200
0.551036	0.0000004561	460800
0.550864	0.0000004561	462400
0.551345	0.0000004561	464000
0.551224	0.0000004561	465600
0.552439	0.0000004561	467200
0.552783	0.0000004561	468800
0.552906	0.0000004561	470400
0.552826	0.0000004561	472000
0.551979	0.0000004561	473600
0.552221	0.0000004561	475200
0.551744	0.0000004561	476800
0.551285	0.0000004561	478400
0.551123	0.0000004561	480000
0.550849	0.0000004561	481600
0.549698	0.0000004561	483200
0.549627	0.0000004561	484800
0.549599	0.0000004561	486400
0.550166	0.0000004561	488000
0.550017	0.0000004561	489600
0.548894	0.0000004561	491200
0.547947	0.0000004561	492800
0.548493	0.0000004561	494400
0.547877	0.0000004561	496000
0.547713	0.0000004561	497600
0.546992	0.0000004561	499200
0.547448	0.0000004561	500800
0.546994	0.0000004561	502400
0.546329	0.0000004561	504000
0.546133	0.0000004561	505600
0.545989	0.0000004561	507200
0.545858	0.0000004561	508800
0.544239	0.0000004561	510400
0.543707	0.0000004561	512000
0.543952	0.0000004561	513600
0.544753	0.0000004561	515200
0.545759	0.0000004561	516800
0.546149	0.0000004561	518400
0.546379	0.0000004561	520000
0.547228	0.0000004561	521600
0.546628	0.0000004561	523200
0.546247	0.0000004561	524800
0.545810	0.0000004561	526400
0.545298	0.0000004561	528000
0.546421	0.0000004561	529600
0.546737	0.0000004561	531200
0.546433	0.0000004561	532800
0.546410	0.0000004561	534400
0.547108	0.0000004561	536000
0.547105	0.0000004561	537600
0.547601	0.0000004561	539200
0.547804	0.0000004561	540800
0.546267	0.0000004561	542400
0.547262	0.0000004561	544000
0.548521	0.0000004561	545600
0.546378	0.0000004561	547200
0.546780	0.0000004561	548800
0.546826	0.0000004561	550400
0.547806	0.0000004561	552000
0.548450	0.0000004561	553600
0.547330	0.0000004561	555200
0.546617	0.0000004561	556800
0.546679	0.0000004561	558400
0.546859	0.0000004561	560000
0.546844	0.0000004561	561600
0.546332	0.0000004561	563200
0.547742	0.0000004561	564800
0.546914	0.0000004561	566400
0.546499	0.0000004561	568000
0.546221	0.0000004561	569600
0.546288	0.0000004561	571200
0.545782	0.0000004561	572800
0.545065	0.0000004561	574400
0.545198	0.0000004561	576000
0.546122	0.0000004561	577600
0.545336	0.0000004561	579200
0.544548	0.0000004561	580800
0.545199	0.0000004561	582400
0.545302	0.0000004561	584000
0.545951	0.0000004561	585600
0.546029	0.0000004561	587200
0.545640	0.0000004561	588800
0.545710	0.0000004561	590400
0.545540	0.0000004561	592000
0.544334	0.0000004561	593600
0.543150	0.0000004561	595200
0.542939	0.0000004561	596800
0.542423	0.0000004561	598400
0.542170	0.0000004561	600000
0.542434	0.0000004561	601600
0.542559	0.0000004561	603200
0.543299	0.0000004561	604800
0.543895	0.0000004561	606400
0.543416	0.0000004561	608000
0.542746	0.0000004561	609600
0.543439	0.0000004561	611200
0.542303	0.0000004561	612800
0.542837	0.0000004561	614400
0.542937	0.0000004561	616000
0.543511	0.0000004561	617600
0.542420	0.0000004561	619200
0.541335	0.0000004561	620800
0.540984	0.0000004561	622400
0.540526	0.0000004561	624000
0.540522	0.0000004561	625600
0.540061	0.0000004561	627200
0.539582	0.0000004561	628800
0.540081	0.0000004561	630400
0.539712	0.0000004561	632000
0.540184	0.0000004561	633600
0.539182	0.0000004561	635200
0.538133	0.0000004561	636800
0.538755	0.0000004561	638400
0.539326	0.0000004561	640000
0.538569	0.0000004561	641600
0.538995	0.0000004561	643200
0.539606	0.0000004561	644800
0.540498	0.0000004561	646400
0.540579	0.0000004561	648000
0.541476	0.0000004561	649600
0.541706	0.0000004561	651200
0.543199	0.0000004561	652800
0.542795	0.0000004561	654400
0.543068	0.0000004561	656000
0.543253	0.0000004561	657600
0.544156	0.0000004561	659200
0.544530	0.0000004561	660800
0.544567	0.0000004561	662400
0.544692	0.0000004561	664000
0.543664	0.0000004561	665600
0.542504	0.0000004561	667200
0.542533	0.0000004561	668800
0.543164	0.0000004561	670400
0.544779	0.0000004561	672000
0.545187	0.0000004561	673600
0.544609	0.0000004561	675200
0.544414	0.0000004561	676800
0.544389	0.0000004561	678400
0.545500	0.0000004561	680000
0.545897	0.0000004561	681600
0.546677	0.0000004561	683200
0.546072	0.0000004561	684800
0.546322	0.0000004561	686400
0.545462	0.0000004561	688000
0.544566	0.0000004561	689600
0.544630	0.0000004561	691200
0.544379	0.0000004561	692800
0.544632	0.0000004561	694400
0.545125	0.0000004561	696000
0.545731	0.0000004561	697600
0.545691	0.0000004561	699200
0.545169	0.0000004561	700800
0.546442	0.0000004561	702400
0.546658	0.0000004561	704000
0.546020	0.0000004561	705600
0.546313	0.0000004561	707200
0.546493	0.0000004561	708800
0.545782	0.0000004561	710400
0.545738	0.0000004561	712000
0.545217	0.0000004561	713600
0.544979	0.0000004561	715200
0.545963	0.0000004561	716800
0.546368	0.0000004561	718400
0.546298	0.0000004561	720000
0.546546	0.0000004561	721600
0.546425	0.0000004561	723200
0.546578	0.0000004561	724800
0.545835	0.0000004561	726400
0.545894	0.0000004561	728000
0.546956	0.0000004561	729600
0.547649	0.0000004561	731200
0.547173	0.0000004561	732800
0.547125	0.0000004561	734400
0.547488	0.0000004561	736000
0.547789	0.0000004561	737600
0.547394	0.0000004561	739200
0.547866	0.0000004561	740800
0.549072	0.0000004561	742400
0.548778	0.0000004561	744000
0.548701	0.0000004561	745600
0.548216	0.0000004561	747200
0.548685	0.0000004561	748800
0.548247	0.0000004561	750400
0.549345	0.0000004561	752000
0.549613	0.0000004561	753600
0.548119	0.0000004561	755200
0.548733	0.0000004561	756800
0.547306	0.0000004561	758400
0.547897	0.0000004561	760000
0.547569	0.0000004561	761600
0.547546	0.0000004561	763200
0.549225	0.0000004561	764800
0.548764	0.0000004561	766400
0.548131	0.0000004561	768000
0.548074	0.0000004561	769600
0.547836	0.0000004561	771200
0.548165	0.0000004561	772800
0.547955	0.0000004561	774400
0.547832	0.0000004561	776000
0.547738	0.0000004561	777600
0.547134	0.0000004561	779200
0.546588	0.0000004561	780800
0.547363	0.0000004561	782400
0.546695	0.0000004561	784000
0.546285	0.0000004561	785600
0.545622	0.0000004561	787200
0.545454	0.0000004561	788800
0.545382	0.0000004561	790400
0.545989	0.0000004561	792000
0.545516	0.0000004561	793600
0.545958	0.0000004561	795200
0.546064	0.0000004561	796800
0.546182	0.0000004561	798400
0.544986	0.0000004561	800000
0.545586	0.0000004561	801600
0.545778	0.0000004561	803200
0.544862	0.0000004561	804800
0.545511	0.0000004561	806400
0.545915	0.0000004561	808000
0.544823	0.0000004561	809600
0.545322	0.0000004561	811200
0.544590	0.0000004561	812800
0.544940	0.0000004561	814400
0.544848	0.0000004561	816000
0.545379	0.0000004561	817600
0.545681	0.0000004561	819200
0.545770	0.0000004561	820800
0.546123	0.0000004561	822400
0.545668	0.0000004561	824000
0.545477	0.0000004561	825600
0.545700	0.0000004561	827200
0.544992	0.0000004561	828800
0.544341	0.0000004561	830400
0.543295	0.0000004561	832000
0.543267	0.0000004561	833600
0.542780	0.0000004561	835200
0.542969	0.0000004561	836800
0.543499	0.0000004561	838400
0.543810	0.0000004561	840000
0.544284	0.0000004561	841600
0.543970	0.0000004561	843200
0.543620	0.0000004561	844800
0.543204	0.0000004561	846400
0.543760	0.0000004561	848000
0.543507	0.0000004561	849600
0.542717	0.0000004561	851200
0.542562	0.0000004561	852800
0.543330	0.0000004561	854400
0.543787	0.0000004561	856000
0.542597	0.0000004561	857600
0.542741	0.0000004561	859200
0.542989	0.0000004561	860800
0.542458	0.0000004561	862400
0.543173	0.0000004561	864000
0.543771	0.0000004561	865600
0.543833	0.0000004561	867200
0.543548	0.0000004561	868800
0.542872	0.0000004561	870400
0.542056	0.0000004561	872000
0.541953	0.0000004561	873600
0.541781	0.0000004561	875200
0.541596	0.0000004561	876800
0.541292	0.0000004561	878400
0.541206	0.0000004561	880000
0.541033	0.0000004561	881600
0.540966	0.0000004561	883200
0.540994	0.0000004561	884800
0.540979	0.0000004561	886400
0.541059	0.0000004561	888000
0.542635	0.0000004561	889600
0.542612	0.0000004561	891200
0.543349	0.0000004561	892800
0.544428	0.0000004561	894400
0.542969	0.0000004561	896000
0.543246	0.0000004561	897600
0.544261	0.0000004561	899200
0.544692	0.0000004561	900800
0.544956	0.0000004561	902400
0.544687	0.0000004561	904000
0.544573	0.0000004561	905600
0.544176	0.0000004561	907200
0.544151	0.0000004561	908800
0.544567	0.0000004561	910400
0.545002	0.0000004561	912000
0.545295	0.0000004561	913600
0.545169	0.0000004561	915200
0.544630	0.0000004561	916800
0.544583	0.0000004561	918400
0.544094	0.0000004561	920000
0.544035	0.0000004561	921600
0.544313	0.0000004561	923200
0.544408	0.0000004561	924800
0.543814	0.0000004561	926400
0.543290	0.0000004561	928000
0.542414	0.0000004561	929600
0.542206	0.0000004561	931200
0.542345	0.0000004561	932800
0.542593	0.0000004561	934400
0.542383	0.0000004561	936000
0.543040	0.0000004561	937600
0.543600	0.0000004561	939200
0.544720	0.0000004561	940800
0.544657	0.0000004561	942400
0.544276	0.0000004561	944000
0.544386	0.0000004561	945600
0.544176	0.0000004561	947200
0.542832	0.0000004561	948800
0.543025	0.0000004561	950400
0.543406	0.0000004561	952000
0.543949	0.0000004561	953600
0.544752	0.0000004561	955200
0.544153	0.0000004561	956800
0.543747	0.0000004561	958400
0.543806	0.0000004561	960000
0.543881	0.0000004561	961600
0.543487	0.0000004561	963200
0.542930	0.0000004561	964800
0.542339	0.0000004561	966400
0.542535	0.0000004561	968000
0.541477	0.0000004561	969600
0.540636	0.0000004561	971200
0.539136	0.0000004561	972800
0.539859	0.0000004561	974400
0.539451	0.0000004561	976000
0.538712	0.0000004561	977600
0.539174	0.0000004561	979200
0.540158	0.0000004561	980800
0.540740	0.0000004561	982400
0.541168	0.0000004561	984000
0.540534	0.0000004561	985600
0.540681	0.0000004561	987200
0.539976	0.0000004561	988800
0.539725	0.0000004561	990400
0.540679	0.0000004561	992000
0.540594	0.0000004561	993600
0.541795	0.0000004561	995200
0.541871	0.0000004561	996800
0.542896	0.0000004561	998400
0.542744	0.0000004561	1000000
