11.204954	0.0000121858	1600
10.726359	0.0000116849	3200
9.815110	0.0000107660	4800
8.960738	0.0000098517	6400
8.318183	0.0000090632	8000
7.703752	0.0000083305	9600
7.025725	0.0000076158	11200
6.284519	0.0000070796	12800
5.528697	0.0000066027	14400
4.895515	0.0000061441	16000
4.296863	0.0000056930	17600
3.743309	0.0000052770	19200
3.303961	0.0000049082	20800
2.904872	0.0000046134	22400
2.581455	0.0000043978	24000
2.322200	0.0000041822	25600
2.059101	0.0000039716	27200
1.835378	0.0000037705	28800
1.637550	0.0000035780	30400
1.470405	0.0000033964	32000
1.319183	0.0000032567	33600
1.183061	0.0000031410	35200
1.064896	0.0000030248	36800
0.956260	0.0000029033	38400
0.854995	0.0000027888	40000
0.759275	0.0000026707	41600
0.689904	0.0000025649	43200
0.635279	0.0000024946	44800
0.574443	0.0000024254	46400
0.531823	0.0000023446	48000
0.478213	0.0000022647	49600
0.441129	0.0000021815	51200
0.409095	0.0000021011	52800
0.377973	0.0000020307	54400
0.349045	0.0000019826	56000
0.319977	0.0000019297	57600
0.295444	0.0000018740	59200
0.273072	0.0000018563	60800
0.252033	0.0000018396	62400
0.236051	0.0000018178	64000
0.223680	0.0000018045	65600
0.209962	0.0000017925	67200
0.194546	0.0000017815	68800
0.181516	0.0000017684	70400
0.169147	0.0000017545	72000
0.159178	0.0000017410	73600
0.149353	0.0000017264	75200
0.141108	0.0000017141	76800
0.134539	0.0000017006	78400
0.127063	0.0000016885	80000
0.119884	0.0000016770	81600
0.108657	0.0000016652	83200
0.102299	0.0000016498	84800
0.097753	0.0000016360	86400
0.091762	0.0000016304	88000
0.084283	0.0000016236	89600
0.080022	0.0000016163	91200
0.073438	0.0000016063	92800
0.069216	0.0000015935	94400
0.066381	0.0000015834	96000
0.061595	0.0000015742	97600
0.056256	0.0000015671	99200
0.053412	0.0000015613	100800
0.050801	0.0000015555	102400
0.048255	0.0000015498	104000
0.045995	0.0000015431	105600
0.041749	0.0000015327	107200
0.038531	0.0000015236	108800
0.036617	0.0000015179	110400
0.034707	0.0000015121	112000
0.032632	0.0000015039	113600
0.030752	0.0000014945	115200
0.028817	0.0000014847	116800
0.025788	0.0000014773	118400
0.024178	0.0000014731	120000
0.022565	0.0000014690	121600
0.020961	0.0000014621	123200
0.019461	0.0000014548	124800
0.017746	0.0000014480	126400
0.016119	0.0000014408	128000
0.014428	0.0000014342	129600
0.013538	0.0000014296	131200
0.012107	0.0000014256	132800
0.010764	0.0000014196	134400
0.009251	0.0000014155	136000
0.008050	0.0000014091	137600
0.006626	0.0000014021	139200
0.005358	0.0000013980	140800
0.004075	0.0000013943	142400
0.002997	0.0000013903	144000
0.001903	0.0000013870	145600
0.000644	0.0000013820	147200
-0.000323	0.0000013770	148800
-0.001302	0.0000013710	150400
-0.002584	0.0000013666	152000
-0.003403	0.0000013632	153600
-0.004571	0.0000013592	155200
-0.005555	0.0000013541	156800
-0.006481	0.0000013503	158400
-0.007117	0.0000013452	160000
-0.007932	0.0000013407	161600
-0.008759	0.0000013373	163200
-0.009524	0.0000013342	164800
-0.010245	0.0000013304	166400
-0.010912	0.0000013266	168000
-0.011636	0.0000013228	169600
-0.012473	0.0000013192	171200
-0.013319	0.0000013155	172800
-0.014124	0.0000013134	174400
-0.014960	0.0000013104	176000
-0.016290	0.0000013069	177600
-0.016521	0.0000013028	179200
-0.017300	0.0000012992	180800
-0.017982	0.0000012953	182400
-0.018739	0.0000012918	184000
-0.019347	0.0000012905	185600
-0.020027	0.0000012878	187200
-0.020599	0.0000012850	188800
-0.021199	0.0000012821	190400
-0.021665	0.0000012790	192000
-0.022195	0.0000012750	193600
-0.022729	0.0000012729	195200
-0.023336	0.0000012707	196800
-0.023819	0.0000012687	198400
-0.024402	0.0000012664	200000
-0.029889	0.0000012529	201600
-0.033561	0.0000012432	203200
-0.035993	0.0000012368	204800
-0.037845	0.0000012284	206400
-0.039371	0.0000012206	208000
-0.040416	0.0000012148	209600
-0.041157	0.0000012103	211200
-0.041757	0.0000012070	212800
-0.042142	0.0000012046	214400
-0.042406	0.0000012029	216000
-0.042839	0.0000012013	217600
-0.043333	0.0000011988	219200
-0.043778	0.0000011973	220800
-0.044006	0.0000011968	222400
-0.044230	0.0000011958	224000
-0.044612	0.0000011948	225600
-0.044725	0.0000011930	227200
-0.044855	0.0000011910	228800
-0.045091	0.0000011904	230400
-0.045165	0.0000011890	232000
-0.045356	0.0000011883	233600
-0.045530	0.0000011868	235200
-0.045703	0.0000011857	236800
-0.045862	0.0000011850	238400
-0.045918	0.0000011841	240000
-0.046167	0.0000011827	241600
-0.046296	0.0000011817	243200
-0.046411	0.0000011815	244800
-0.046491	0.0000011810	246400
-0.046429	0.0000011801	248000
-0.046557	0.0000011797	249600
-0.046618	0.0000011796	251200
-0.046802	0.0000011783	252800
-0.046843	0.0000011783	254400
-0.047057	0.0000011780	256000
-0.047261	0.0000011780	257600
-0.047277	0.0000011773	259200
-0.047467	0.0000011772	260800
-0.047640	0.0000011762	262400
-0.047631	0.0000011759	264000
-0.047672	0.0000011765	265600
-0.047719	0.0000011754	267200
-0.047888	0.0000011747	268800
-0.048055	0.0000011745	270400
-0.048190	0.0000011741	272000
-0.048575	0.0000011748	273600
-0.048254	0.0000011737	275200
-0.048276	0.0000011735	276800
-0.048248	0.0000011736	278400
-0.048226	0.0000011731	280000
-0.048257	0.0000011732	281600
-0.048303	0.0000011729	283200
-0.048208	0.0000011715	284800
-0.048154	0.0000011712	286400
-0.048222	0.0000011719	288000
-0.048278	0.0000011724	289600
-0.048345	0.0000011720	291200
-0.048355	0.0000011718	292800
-0.048340	0.0000011718	294400
-0.048354	0.0000011714	296000
-0.048498	0.0000011712	297600
-0.048411	0.0000011713	299200
-0.048428	0.0000011710	300800
-0.048459	0.0000011709	302400
-0.048462	0.0000011701	304000
-0.048394	0.0000011703	305600
-0.048480	0.0000011704	307200
-0.048604	0.0000011698	308800
-0.048751	0.0000011695	310400
-0.048666	0.0000011698	312000
-0.048619	0.0000011696	313600
-0.048501	0.0000011687	315200
-0.048400	0.0000011686	316800
-0.048457	0.0000011683	318400
-0.048350	0.0000011683	320000
-0.048580	0.0000011678	321600
-0.048343	0.0000011665	323200
-0.048300	0.0000011658	324800
-0.048375	0.0000011655	326400
-0.048298	0.0000011654	328000
-0.048317	0.0000011650	329600
-0.048500	0.0000011650	331200
-0.048483	0.0000011646	332800
-0.048534	0.0000011641	334400
-0.048581	0.0000011639	336000
-0.048633	0.0000011644	337600
-0.048776	0.0000011642	339200
-0.048738	0.0000011643	340800
-0.048750	0.0000011650	342400
-0.048819	0.0000011653	344000
-0.048943	0.0000011640	345600
-0.049090	0.0000011631	347200
-0.049163	0.0000011632	348800
-0.049180	0.0000011622	350400
-0.049272	0.0000011621	352000
-0.049336	0.0000011618	353600
-0.049344	0.0000011616	355200
-0.049296	0.0000011609	356800
-0.049457	0.0000011606	358400
-0.049657	0.0000011610	360000
-0.049717	0.0000011611	361600
-0.049724	0.0000011607	363200
-0.049649	0.0000011596	364800
-0.049618	0.0000011595	366400
-0.049726	0.0000011590	368000
-0.049803	0.0000011589	369600
-0.049585	0.0000011579	371200
-0.049475	0.0000011581	372800
-0.049410	0.0000011578	374400
-0.049419	0.0000011582	376000
-0.049416	0.0000011582	377600
-0.049454	0.0000011586	379200
-0.049600	0.0000011578	380800
-0.049532	0.0000011575	382400
-0.049480	0.0000011575	384000
-0.049514	0.0000011578	385600
-0.049649	0.0000011577	387200
-0.049714	0.0000011571	388800
-0.049570	0.0000011581	390400
-0.049672	0.0000011571	392000
-0.049607	0.0000011574	393600
-0.049570	0.0000011576	395200
-0.049608	0.0000011582	396800
-0.049472	0.0000011587	398400
-0.049442	0.0000011585	400000
-0.049364	0.0000011587	401600
-0.049533	0.0000011591	403200
-0.049589	0.0000011597	404800
-0.049497	0.0000011598	406400
-0.049523	0.0000011601	408000
-0.049568	0.0000011593	409600
-0.049609	0.0000011594	411200
-0.049861	0.0000011596	412800
-0.049892	0.0000011593	414400
-0.049827	0.0000011590	416000
-0.049987	0.0000011589	417600
-0.049877	0.0000011586	419200
-0.049835	0.0000011586	420800
-0.049938	0.0000011594	422400
-0.049900	0.0000011598	424000
-0.049897	0.0000011602	425600
-0.049829	0.0000011596	427200
-0.049881	0.0000011592	428800
-0.049983	0.0000011589	430400
-0.050019	0.0000011591	432000
-0.050028	0.0000011592	433600
-0.049944	0.0000011587	435200
-0.049967	0.0000011577	436800
-0.049958	0.0000011575	438400
-0.050006	0.0000011568	440000
-0.050174	0.0000011568	441600
-0.050129	0.0000011563	443200
-0.050213	0.0000011557	444800
-0.050094	0.0000011559	446400
-0.050150	0.0000011562	448000
-0.050162	0.0000011560	449600
-0.049979	0.0000011559	451200
-0.049885	0.0000011568	452800
-0.049732	0.0000011573	454400
-0.049692	0.0000011574	456000
-0.049686	0.0000011573	457600
-0.049741	0.0000011575	459200
-0.049756	0.0000011573	460800
-0.049768	0.0000011571	462400
-0.049715	0.0000011573	464000
-0.049732	0.0000011566	465600
-0.049671	0.0000011566	467200
-0.049679	0.0000011568	468800
-0.049639	0.0000011559	470400
-0.049607	0.0000011559	472000
-0.049532	0.0000011562	473600
-0.049508	0.0000011569	475200
-0.049493	0.0000011569	476800
-0.049505	0.0000011558	478400
-0.049551	0.0000011557	480000
-0.049507	0.0000011554	481600
-0.049430	0.0000011551	483200
-0.049429	0.0000011558	484800
-0.049507	0.0000011553	486400
-0.049437	0.0000011549	488000
-0.049373	0.0000011544	489600
-0.049490	0.0000011536	491200
-0.049587	0.0000011535	492800
-0.049721	0.0000011535	494400
-0.049726	0.0000011530	496000
-0.049877	0.0000011528	497600
-0.049981	0.0000011522	499200
-0.050157	0.0000011526	500800
-0.050197	0.0000011525	502400
-0.050175	0.0000011524	504000
-0.050113	0.0000011516	505600
-0.050196	0.0000011516	507200
-0.050324	0.0000011522	508800
-0.050216	0.0000011525	510400
-0.050195	0.0000011523	512000
-0.050405	0.0000011521	513600
-0.050246	0.0000011530	515200
-0.050151	0.0000011528	516800
-0.049981	0.0000011523	518400
-0.050079	0.0000011521	520000
-0.050069	0.0000011518	521600
-0.050018	0.0000011516	523200
-0.050091	0.0000011517	524800
-0.050034	0.0000011513	526400
-0.049924	0.0000011513	528000
-0.049940	0.0000011514	529600
-0.050025	0.0000011514	531200
-0.050119	0.0000011510	532800
-0.050168	0.0000011507	534400
-0.050168	0.0000011508	536000
-0.050090	0.0000011505	537600
-0.050019	0.0000011507	539200
-0.049934	0.0000011513	540800
-0.049783	0.0000011505	542400
-0.049858	0.0000011496	544000
-0.049747	0.0000011493	545600
-0.049626	0.0000011488	547200
-0.049587	0.0000011490	548800
-0.049485	0.0000011486	550400
-0.049637	0.0000011484	552000
-0.049705	0.0000011481	553600
-0.049670	0.0000011487	555200
-0.049731	0.0000011492	556800
-0.049718	0.0000011496	558400
-0.049856	0.0000011498	560000
-0.049955	0.0000011497	561600
-0.049931	0.0000011484	563200
-0.049824	0.0000011487	564800
-0.049961	0.0000011486	566400
-0.049999	0.0000011483	568000
-0.049967	0.0000011492	569600
-0.049998	0.0000011496	571200
-0.050062	0.0000011494	572800
-0.050104	0.0000011485	574400
-0.050120	0.0000011478	576000
-0.050168	0.0000011486	577600
-0.050116	0.0000011486	579200
-0.050221	0.0000011483	580800
-0.050115	0.0000011481	582400
-0.049957	0.0000011477	584000
-0.049924	0.0000011478	585600
-0.049971	0.0000011482	587200
-0.050013	0.0000011476	588800
-0.050165	0.0000011474	590400
-0.050215	0.0000011472	592000
-0.050272	0.0000011475	593600
-0.050260	0.0000011475	595200
-0.050171	0.0000011469	596800
-0.050130	0.0000011467	598400
-0.050177	0.0000011464	600000
-0.050215	0.0000011464	601600
-0.050223	0.0000011469	603200
-0.050232	0.0000011474	604800
-0.050246	0.0000011478	606400
-0.050281	0.0000011476	608000
-0.050505	0.0000011482	609600
-0.050207	0.0000011482	611200
-0.050342	0.0000011482	612800
-0.050424	0.0000011486	614400
-0.050416	0.0000011496	616000
-0.050364	0.0000011498	617600
-0.050359	0.0000011494	619200
-0.050398	0.0000011494	620800
-0.050480	0.0000011489	622400
-0.050587	0.0000011484	624000
-0.050521	0.0000011487	625600
-0.050568	0.0000011481	627200
-0.050790	0.0000011484	628800
-0.050702	0.0000011494	630400
-0.050731	0.0000011486	632000
-0.050771	0.0000011489	633600
-0.050823	0.0000011489	635200
-0.051046	0.0000011490	636800
-0.051164	0.0000011491	638400
-0.051172	0.0000011488	640000
-0.051096	0.0000011487	641600
-0.051069	0.0000011487	643200
-0.051131	0.0000011481	644800
-0.051158	0.0000011480	646400
-0.051222	0.0000011474	648000
-0.051331	0.0000011475	649600
-0.051379	0.0000011470	651200
-0.051327	0.0000011470	652800
-0.051342	0.0000011472	654400
-0.051336	0.0000011477	656000
-0.051392	0.0000011485	657600
-0.051374	0.0000011484	659200
-0.051361	0.0000011480	660800
-0.051295	0.0000011468	662400
-0.051326	0.0000011477	664000
-0.051225	0.0000011475	665600
-0.051337	0.0000011480	667200
-0.051433	0.0000011484	668800
-0.051438	0.0000011484	670400
-0.051425	0.0000011484	672000
-0.051327	0.0000011477	673600
-0.051269	0.0000011469	675200
-0.051305	0.0000011464	676800
-0.051316	0.0000011462	678400
-0.051243	0.0000011470	680000
-0.051250	0.0000011458	681600
-0.051252	0.0000011452	683200
-0.051258	0.0000011457	684800
-0.051268	0.0000011450	686400
-0.051347	0.0000011455	688000
-0.051397	0.0000011454	689600
-0.051401	0.0000011455	691200
-0.051357	0.0000011453	692800
-0.051393	0.0000011459	694400
-0.051418	0.0000011453	696000
-0.051426	0.0000011450	697600
-0.051366	0.0000011457	699200
-0.051379	0.0000011456	700800
-0.051425	0.0000011464	702400
-0.051381	0.0000011463	704000
-0.051437	0.0000011474	705600
-0.051255	0.0000011478	707200
-0.051189	0.0000011476	708800
-0.051161	0.0000011477	710400
-0.051200	0.0000011474	712000
-0.051090	0.0000011479	713600
-0.050934	0.0000011475	715200
-0.050976	0.0000011481	716800
-0.051098	0.0000011480	718400
-0.051166	0.0000011474	720000
-0.051115	0.0000011471	721600
-0.051063	0.0000011472	723200
-0.050996	0.0000011466	724800
-0.050955	0.0000011468	726400
-0.050931	0.0000011465	728000
-0.050842	0.0000011469	729600
-0.050836	0.0000011465	731200
-0.050958	0.0000011467	732800
-0.050878	0.0000011480	734400
-0.050953	0.0000011484	736000
-0.050984	0.0000011471	737600
-0.050994	0.0000011466	739200
-0.051116	0.0000011475	740800
-0.051230	0.0000011477	742400
-0.051174	0.0000011474	744000
-0.051174	0.0000011466	745600
-0.051336	0.0000011456	747200
-0.051367	0.0000011449	748800
-0.051432	0.0000011447	750400
-0.051313	0.0000011445	752000
-0.051397	0.0000011446	753600
-0.051148	0.0000011449	755200
-0.051140	0.0000011445	756800
-0.051169	0.0000011448	758400
-0.051221	0.0000011450	760000
-0.051196	0.0000011446	761600
-0.051273	0.0000011448	763200
-0.051296	0.0000011445	764800
-0.051311	0.0000011449	766400
-0.051206	0.0000011454	768000
-0.051299	0.0000011447	769600
-0.051302	0.0000011451	771200
-0.051389	0.0000011445	772800
-0.051530	0.0000011438	774400
-0.051585	0.0000011440	776000
-0.051607	0.0000011439	777600
-0.051640	0.0000011428	779200
-0.051705	0.0000011428	780800
-0.051649	0.0000011426	782400
-0.051689	0.0000011423	784000
-0.051680	0.0000011427	785600
-0.051598	0.0000011426	787200
-0.051581	0.0000011431	788800
-0.051507	0.0000011420	790400
-0.051425	0.0000011424	792000
-0.051441	0.0000011431	793600
-0.051473	0.0000011437	795200
-0.051595	0.0000011442	796800
-0.051554	0.0000011442	798400
-0.051624	0.0000011440	800000
-0.051915	0.0000011437	801600
-0.051723	0.0000011443	803200
-0.051689	0.0000011441	804800
-0.051722	0.0000011447	806400
-0.051744	0.0000011447	808000
-0.051744	0.0000011450	809600
-0.051692	0.0000011444	811200
-0.051632	0.0000011444	812800
-0.051492	0.0000011450	814400
-0.051477	0.0000011450	816000
-0.051456	0.0000011447	817600
-0.051468	0.0000011460	819200
-0.051459	0.0000011458	820800
-0.051433	0.0000011454	822400
-0.051403	0.0000011442	824000
-0.051352	0.0000011444	825600
-0.051368	0.0000011435	827200
-0.051218	0.0000011436	828800
-0.051182	0.0000011434	830400
-0.051128	0.0000011435	832000
-0.051327	0.0000011439	833600
-0.051343	0.0000011444	835200
-0.051275	0.0000011444	836800
-0.051260	0.0000011446	838400
-0.051209	0.0000011454	840000
-0.051255	0.0000011447	841600
-0.051305	0.0000011447	843200
-0.051279	0.0000011439	844800
-0.051295	0.0000011443	846400
-0.051196	0.0000011435	848000
-0.051511	0.0000011430	849600
-0.051344	0.0000011428	851200
-0.051423	0.0000011436	852800
-0.051494	0.0000011438	854400
-0.051603	0.0000011438	856000
-0.051765	0.0000011441	857600
-0.051782	0.0000011439	859200
-0.051718	0.0000011439	860800
-0.051784	0.0000011443	862400
-0.051762	0.0000011443	864000
-0.051744	0.0000011436	865600
-0.051859	0.0000011439	867200
-0.051706	0.0000011446	868800
-0.051596	0.0000011448	870400
-0.051531	0.0000011451	872000
-0.051531	0.0000011446	873600
-0.051535	0.0000011453	875200
-0.051474	0.0000011457	876800
-0.051239	0.0000011456	878400
-0.051229	0.0000011454	880000
-0.051229	0.0000011449	881600
-0.051314	0.0000011452	883200
-0.051399	0.0000011445	884800
-0.051506	0.0000011443	886400
-0.051538	0.0000011442	888000
-0.051600	0.0000011428	889600
-0.051646	0.0000011433	891200
-0.051587	0.0000011434	892800
-0.051508	0.0000011428	894400
-0.051523	0.0000011430	896000
-0.051842	0.0000011435	897600
-0.051517	0.0000011432	899200
-0.051412	0.0000011435	900800
-0.051369	0.0000011441	902400
-0.051319	0.0000011450	904000
-0.051386	0.0000011455	905600
-0.051464	0.0000011452	907200
-0.051377	0.0000011447	908800
-0.051312	0.0000011452	910400
-0.051262	0.0000011447	912000
-0.051220	0.0000011440	913600
-0.051226	0.0000011442	915200
-0.051230	0.0000011436	916800
-0.051312	0.0000011436	918400
-0.051446	0.0000011439	920000
-0.051553	0.0000011434	921600
-0.051521	0.0000011428	923200
-0.051573	0.0000011433	924800
-0.051654	0.0000011440	926400
-0.051631	0.0000011437	928000
-0.051541	0.0000011434	929600
-0.051606	0.0000011437	931200
-0.051526	0.0000011440	932800
-0.051494	0.0000011445	934400
-0.051632	0.0000011449	936000
-0.051464	0.0000011460	937600
-0.051477	0.0000011463	939200
-0.051609	0.0000011460	940800
-0.051623	0.0000011464	942400
-0.051658	0.0000011465	944000
-0.051816	0.0000011469	945600
-0.051653	0.0000011464	947200
-0.051612	0.0000011469	948800
-0.051522	0.0000011480	950400
-0.051511	0.0000011479	952000
-0.051411	0.0000011483	953600
-0.051355	0.0000011486	955200
-0.051341	0.0000011488	956800
-0.051340	0.0000011493	958400
-0.051173	0.0000011490	960000
-0.051139	0.0000011482	961600
-0.051127	0.0000011475	963200
-0.051165	0.0000011475	964800
-0.051290	0.0000011466	966400
-0.051380	0.0000011467	968000
-0.051341	0.0000011467	969600
-0.051250	0.0000011466	971200
-0.051294	0.0000011461	972800
-0.051313	0.0000011449	974400
-0.051270	0.0000011453	976000
-0.051304	0.0000011446	977600
-0.051334	0.0000011446	979200
-0.051387	0.0000011445	980800
-0.051395	0.0000011441	982400
-0.051389	0.0000011426	984000
-0.051364	0.0000011413	985600
-0.051356	0.0000011422	987200
-0.051424	0.0000011412	988800
-0.051375	0.0000011416	990400
-0.051373	0.0000011423	992000
-0.051560	0.0000011427	993600
-0.051488	0.0000011421	995200
-0.051415	0.0000011424	996800
-0.051492	0.0000011426	998400
-0.051377	0.0000011426	1000000
