11.206045	0.0000121858	1600
10.581592	0.0000115968	3200
9.576063	0.0000106029	4800
8.609999	0.0000096268	6400
7.790113	0.0000087860	8000
7.011321	0.0000080105	9600
6.216081	0.0000072632	11200
5.436969	0.0000066955	12800
4.700397	0.0000061915	14400
4.043602	0.0000057117	16000
3.458287	0.0000052460	17600
2.968243	0.0000048194	19200
2.563912	0.0000044420	20800
2.193381	0.0000041368	22400
1.904919	0.0000039066	24000
1.646366	0.0000036799	25600
1.431565	0.0000034609	27200
1.234672	0.0000032536	28800
1.071227	0.0000030568	30400
0.936320	0.0000028725	32000
0.817907	0.0000027261	33600
0.714757	0.0000026020	35200
0.631151	0.0000024794	36800
0.559827	0.0000023544	38400
0.489830	0.0000022371	40000
0.435090	0.0000021188	41600
0.390335	0.0000020122	43200
0.351928	0.0000019350	44800
0.318502	0.0000018598	46400
0.288698	0.0000017770	48000
0.257797	0.0000016963	49600
0.232780	0.0000016145	51200
0.207007	0.0000015363	52800
0.184101	0.0000014667	54400
0.166080	0.0000014142	56000
0.148545	0.0000013593	57600
0.134921	0.0000013033	59200
0.119007	0.0000013030	60800
0.109254	0.0000013028	62400
0.100212	0.0000012981	64000
0.092009	0.0000012969	65600
0.083933	0.0000012928	67200
0.077612	0.0000012919	68800
0.070431	0.0000012897	70400
0.064903	0.0000012875	72000
0.060153	0.0000012868	73600
0.055908	0.0000012871	75200
0.052044	0.0000012836	76800
0.047992	0.0000012773	78400
0.044721	0.0000012734	80000
0.042267	0.0000012706	81600
0.039888	0.0000012684	83200
0.037629	0.0000012607	84800
0.035668	0.0000012571	86400
0.033713	0.0000012565	88000
0.031319	0.0000012565	89600
0.029823	0.0000012564	91200
0.028228	0.0000012534	92800
0.026511	0.0000012501	94400
0.025040	0.0000012486	96000
0.023619	0.0000012457	97600
0.022191	0.0000012444	99200
0.017678	0.0000012436	100800
0.016603	0.0000012428	102400
0.013696	0.0000012428	104000
0.010947	0.0000012422	105600
0.006889	0.0000012394	107200
0.004649	0.0000012353	108800
0.001662	0.0000012331	110400
-0.000571	0.0000012326	112000
-0.002825	0.0000012289	113600
-0.004472	0.0000012229	115200
-0.006406	0.0000012176	116800
-0.008012	0.0000012164	118400
-0.010867	0.0000012151	120000
-0.013364	0.0000012140	121600
-0.015190	0.0000012114	123200
-0.016691	0.0000012085	124800
-0.018429	0.0000012068	126400
-0.019835	0.0000012056	128000
-0.021306	0.0000012036	129600
-0.022791	0.0000012017	131200
-0.024077	0.0000011999	132800
-0.025524	0.0000011980	134400
-0.026659	0.0000011970	136000
-0.028062	0.0000011950	137600
-0.029160	0.0000011926	139200
-0.030200	0.0000011907	140800
-0.031377	0.0000011895	142400
-0.032568	0.0000011883	144000
-0.033499	0.0000011874	145600
-0.034714	0.0000011859	147200
-0.035976	0.0000011844	148800
-0.037021	0.0000011827	150400
-0.037926	0.0000011807	152000
-0.038908	0.0000011791	153600
-0.039832	0.0000011771	155200
-0.040858	0.0000011755	156800
-0.041660	0.0000011740	158400
-0.042588	0.0000011728	160000
-0.043431	0.0000011713	161600
-0.044270	0.0000011698	163200
-0.045094	0.0000011684	164800
-0.045938	0.0000011672	166400
-0.046733	0.0000011662	168000
-0.047446	0.0000011653	169600
-0.048031	0.0000011644	171200
-0.048694	0.0000011635	172800
-0.049413	0.0000011626	174400
-0.050030	0.0000011617	176000
-0.050699	0.0000011610	177600
-0.051476	0.0000011602	179200
-0.052193	0.0000011596	180800
-0.052873	0.0000011591	182400
-0.053525	0.0000011586	184000
-0.054062	0.0000011580	185600
-0.054678	0.0000011576	187200
-0.055312	0.0000011571	188800
-0.055945	0.0000011568	190400
-0.056494	0.0000011563	192000
-0.057263	0.0000011560	193600
-0.057854	0.0000011557	195200
-0.058751	0.0000011554	196800
-0.058962	0.0000011552	198400
-0.059476	0.0000011550	200000
-0.065040	0.0000011547	201600
-0.069318	0.0000011544	203200
-0.071925	0.0000011543	204800
-0.073829	0.0000011540	206400
-0.075464	0.0000011539	208000
-0.076607	0.0000011538	209600
-0.077496	0.0000011536	211200
-0.078066	0.0000011535	212800
-0.078517	0.0000011535	214400
-0.078857	0.0000011535	216000
-0.079104	0.0000011534	217600
-0.079456	0.0000011533	219200
-0.079705	0.0000011533	220800
-0.079872	0.0000011533	222400
-0.080145	0.0000011532	224000
-0.080352	0.0000011532	225600
-0.080596	0.0000011532	227200
-0.080863	0.0000011532	228800
-0.080996	0.0000011532	230400
-0.081253	0.0000011532	232000
-0.081373	0.0000011532	233600
-0.081575	0.0000011533	235200
-0.081730	0.0000011533	236800
-0.081884	0.0000011533	238400
-0.081991	0.0000011533	240000
-0.082215	0.0000011533	241600
-0.082432	0.0000011532	243200
-0.082522	0.0000011532	244800
-0.082556	0.0000011532	246400
-0.082696	0.0000011532	248000
-0.082738	0.0000011532	249600
-0.082722	0.0000011532	251200
-0.082909	0.0000011532	252800
-0.082912	0.0000011532	254400
-0.082952	0.0000011532	256000
-0.082870	0.0000011532	257600
-0.082985	0.0000011532	259200
-0.083010	0.0000011532	260800
-0.083147	0.0000011532	262400
-0.083211	0.0000011532	264000
-0.083137	0.0000011532	265600
-0.083215	0.0000011532	267200
-0.083275	0.0000011532	268800
-0.083280	0.0000011532	270400
-0.083328	0.0000011532	272000
-0.083261	0.0000011532	273600
-0.083398	0.0000011532	275200
-0.083402	0.0000011532	276800
-0.083409	0.0000011532	278400
-0.083427	0.0000011532	280000
-0.083453	0.0000011532	281600
-0.083508	0.0000011532	283200
-0.083617	0.0000011532	284800
-0.083730	0.0000011532	286400
-0.083584	0.0000011533	288000
-0.083614	0.0000011533	289600
-0.083666	0.0000011533	291200
-0.083918	0.0000011533	292800
-0.083713	0.0000011533	294400
-0.083748	0.0000011533	296000
-0.083810	0.0000011533	297600
-0.083716	0.0000011533	299200
-0.083729	0.0000011533	300800
-0.083774	0.0000011533	302400
-0.083830	0.0000011533	304000
-0.083793	0.0000011533	305600
-0.083677	0.0000011533	307200
-0.083713	0.0000011533	308800
-0.083720	0.0000011533	310400
-0.083752	0.0000011533	312000
-0.083780	0.0000011533	313600
-0.083749	0.0000011533	315200
-0.083747	0.0000011533	316800
-0.083849	0.0000011533	318400
-0.083930	0.0000011533	320000
-0.084046	0.0000011533	321600
-0.084240	0.0000011533	323200
-0.084348	0.0000011533	324800
-0.084386	0.0000011533	326400
-0.084392	0.0000011533	328000
-0.084396	0.0000011533	329600
-0.084374	0.0000011533	331200
-0.084442	0.0000011533	332800
-0.084451	0.0000011533	334400
-0.084565	0.0000011533	336000
-0.084599	0.0000011533	337600
-0.084607	0.0000011533	339200
-0.085018	0.0000011533	340800
-0.084698	0.0000011533	342400
-0.084708	0.0000011533	344000
-0.084809	0.0000011533	345600
-0.084875	0.0000011533	347200
-0.084909	0.0000011533	348800
-0.084950	0.0000011533	350400
-0.084875	0.0000011533	352000
-0.084914	0.0000011533	353600
-0.084912	0.0000011533	355200
-0.085008	0.0000011533	356800
-0.085117	0.0000011533	358400
-0.085131	0.0000011533	360000
-0.085165	0.0000011533	361600
-0.085228	0.0000011533	363200
-0.085336	0.0000011533	364800
-0.085386	0.0000011533	366400
-0.085443	0.0000011533	368000
-0.085432	0.0000011533	369600
-0.085543	0.0000011533	371200
-0.085483	0.0000011533	372800
-0.085554	0.0000011533	374400
-0.085474	0.0000011533	376000
-0.085476	0.0000011533	377600
-0.085498	0.0000011533	379200
-0.085589	0.0000011533	380800
-0.085699	0.0000011533	382400
-0.085741	0.0000011533	384000
-0.085665	0.0000011533	385600
-0.085713	0.0000011533	387200
-0.085944	0.0000011533	388800
-0.085617	0.0000011533	390400
-0.085637	0.0000011533	392000
-0.085604	0.0000011533	393600
-0.085609	0.0000011533	395200
-0.085596	0.0000011533	396800
-0.085474	0.0000011533	398400
-0.085461	0.0000011533	400000
-0.085438	0.0000011533	401600
-0.085353	0.0000011533	403200
-0.085225	0.0000011533	404800
-0.085142	0.0000011533	406400
-0.085141	0.0000011533	408000
-0.085248	0.0000011533	409600
-0.085235	0.0000011533	411200
-0.085194	0.0000011533	412800
-0.085213	0.0000011533	414400
-0.085360	0.0000011533	416000
-0.085328	0.0000011533	417600
-0.085348	0.0000011533	419200
-0.085285	0.0000011533	420800
-0.085172	0.0000011533	422400
-0.085097	0.0000011533	424000
-0.085009	0.0000011533	425600
-0.085152	0.0000011533	427200
-0.085169	0.0000011533	428800
-0.085274	0.0000011533	430400
-0.085241	0.0000011533	432000
-0.085241	0.0000011533	433600
-0.085231	0.0000011533	435200
-0.085586	0.0000011533	436800
-0.085431	0.0000011533	438400
-0.085460	0.0000011533	440000
-0.085442	0.0000011533	441600
-0.085486	0.0000011533	443200
-0.085563	0.0000011533	444800
-0.085481	0.0000011533	446400
-0.085431	0.0000011533	448000
-0.085537	0.0000011533	449600
-0.085642	0.0000011533	451200
-0.085606	0.0000011533	452800
-0.085624	0.0000011533	454400
-0.085572	0.0000011533	456000
-0.085543	0.0000011533	457600
-0.085493	0.0000011533	459200
-0.085527	0.0000011533	460800
-0.085473	0.0000011533	462400
-0.085477	0.0000011533	464000
-0.085651	0.0000011533	465600
-0.085682	0.0000011533	467200
-0.085679	0.0000011533	468800
-0.085826	0.0000011533	470400
-0.085825	0.0000011533	472000
-0.085789	0.0000011533	473600
-0.085696	0.0000011533	475200
-0.085711	0.0000011533	476800
-0.085876	0.0000011533	478400
-0.085919	0.0000011533	480000
-0.085870	0.0000011533	481600
-0.085930	0.0000011533	483200
-0.086058	0.0000011533	484800
-0.085944	0.0000011533	486400
-0.086003	0.0000011533	488000
-0.086072	0.0000011533	489600
-0.086117	0.0000011533	491200
-0.086074	0.0000011533	492800
-0.086033	0.0000011533	494400
-0.086116	0.0000011533	496000
-0.086071	0.0000011533	497600
-0.086132	0.0000011533	499200
-0.086016	0.0000011533	500800
-0.086012	0.0000011533	502400
-0.086037	0.0000011533	504000
-0.086131	0.0000011533	505600
-0.086045	0.0000011533	507200
-0.085995	0.0000011533	508800
-0.085909	0.0000011533	510400
-0.085951	0.0000011533	512000
-0.086034	0.0000011533	513600
-0.086017	0.0000011533	515200
-0.085996	0.0000011533	516800
-0.086038	0.0000011533	518400
-0.086045	0.0000011533	520000
-0.086053	0.0000011533	521600
-0.086052	0.0000011533	523200
-0.086001	0.0000011533	524800
-0.086021	0.0000011533	526400
-0.085895	0.0000011533	528000
-0.085912	0.0000011533	529600
-0.085984	0.0000011533	531200
-0.086104	0.0000011533	532800
-0.086044	0.0000011533	534400
-0.086022	0.0000011533	536000
-0.086041	0.0000011533	537600
-0.085984	0.0000011533	539200
-0.085932	0.0000011533	540800
-0.086013	0.0000011533	542400
-0.086131	0.0000011533	544000
-0.086160	0.0000011533	545600
-0.086268	0.0000011533	547200
-0.086183	0.0000011533	548800
-0.086212	0.0000011533	550400
-0.086199	0.0000011533	552000
-0.086221	0.0000011533	553600
-0.086232	0.0000011533	555200
-0.086176	0.0000011533	556800
-0.086206	0.0000011533	558400
-0.086216	0.0000011533	560000
-0.086285	0.0000011533	561600
-0.086478	0.0000011533	563200
-0.086480	0.0000011533	564800
-0.086422	0.0000011533	566400
-0.086457	0.0000011533	568000
-0.086378	0.0000011533	569600
-0.086282	0.0000011533	571200
-0.086336	0.0000011533	572800
-0.086547	0.0000011533	574400
-0.086598	0.0000011533	576000
-0.086478	0.0000011533	577600
-0.086450	0.0000011533	579200
-0.086476	0.0000011533	580800
-0.086478	0.0000011533	582400
-0.086470	0.0000011533	584000
-0.086417	0.0000011533	585600
-0.086435	0.0000011533	587200
-0.086597	0.0000011533	588800
-0.086626	0.0000011533	590400
-0.086565	0.0000011533	592000
-0.086492	0.0000011533	593600
-0.086508	0.0000011533	595200
-0.086595	0.0000011533	596800
-0.086565	0.0000011533	598400
-0.086609	0.0000011533	600000
-0.086672	0.0000011533	601600
-0.086638	0.0000011533	603200
-0.086666	0.0000011533	604800
-0.086660	0.0000011533	606400
-0.086734	0.0000011533	608000
-0.086679	0.0000011533	609600
-0.086806	0.0000011533	611200
-0.086777	0.0000011533	612800
-0.086764	0.0000011533	614400
-0.086638	0.0000011533	616000
-0.086629	0.0000011533	617600
-0.086654	0.0000011533	619200
-0.086681	0.0000011533	620800
-0.086768	0.0000011533	622400
-0.086923	0.0000011533	624000
-0.086807	0.0000011533	625600
-0.086895	0.0000011533	627200
-0.086983	0.0000011533	628800
-0.086665	0.0000011533	630400
-0.086703	0.0000011533	632000
-0.086635	0.0000011533	633600
-0.086551	0.0000011533	635200
-0.086520	0.0000011533	636800
-0.086480	0.0000011533	638400
-0.086552	0.0000011533	640000
-0.086600	0.0000011533	641600
-0.086618	0.0000011533	643200
-0.086745	0.0000011533	644800
-0.086655	0.0000011533	646400
-0.086549	0.0000011533	648000
-0.086556	0.0000011533	649600
-0.086587	0.0000011533	651200
-0.086630	0.0000011533	652800
-0.086541	0.0000011533	654400
-0.086586	0.0000011533	656000
-0.086437	0.0000011533	657600
-0.086450	0.0000011533	659200
-0.086521	0.0000011533	660800
-0.086675	0.0000011533	662400
-0.086676	0.0000011533	664000
-0.086762	0.0000011533	665600
-0.086636	0.0000011533	667200
-0.086671	0.0000011533	668800
-0.086731	0.0000011533	670400
-0.086789	0.0000011533	672000
-0.086869	0.0000011533	673600
-0.087044	0.0000011533	675200
-0.087208	0.0000011533	676800
-0.087242	0.0000011533	678400
-0.087122	0.0000011533	680000
-0.087171	0.0000011533	681600
-0.087262	0.0000011533	683200
-0.087199	0.0000011533	684800
-0.087287	0.0000011533	686400
-0.087215	0.0000011533	688000
-0.087229	0.0000011533	689600
-0.087216	0.0000011533	691200
-0.087222	0.0000011533	692800
-0.087246	0.0000011533	694400
-0.087262	0.0000011533	696000
-0.087371	0.0000011533	697600
-0.087354	0.0000011533	699200
-0.087329	0.0000011533	700800
-0.087253	0.0000011533	702400
-0.087217	0.0000011533	704000
-0.087171	0.0000011533	705600
-0.087067	0.0000011533	707200
-0.087113	0.0000011533	708800
-0.087117	0.0000011533	710400
-0.087082	0.0000011533	712000
-0.087010	0.0000011533	713600
-0.086983	0.0000011533	715200
-0.086951	0.0000011533	716800
-0.087046	0.0000011533	718400
-0.087028	0.0000011533	720000
-0.087084	0.0000011533	721600
-0.087032	0.0000011533	723200
-0.087200	0.0000011533	724800
-0.087039	0.0000011533	726400
-0.087038	0.0000011533	728000
-0.087052	0.0000011533	729600
-0.087038	0.0000011533	731200
-0.087003	0.0000011533	732800
-0.086886	0.0000011533	734400
-0.086821	0.0000011533	736000
-0.086937	0.0000011533	737600
-0.087016	0.0000011533	739200
-0.086851	0.0000011533	740800
-0.086766	0.0000011533	742400
-0.086813	0.0000011533	744000
-0.086875	0.0000011533	745600
-0.086867	0.0000011533	747200
-0.086926	0.0000011533	748800
-0.086930	0.0000011533	750400
-0.086911	0.0000011533	752000
-0.086908	0.0000011533	753600
-0.086894	0.0000011533	755200
-0.086862	0.0000011533	756800
-0.086796	0.0000011533	758400
-0.086765	0.0000011533	760000
-0.086706	0.0000011533	761600
-0.086703	0.0000011533	763200
-0.086788	0.0000011533	764800
-0.086788	0.0000011533	766400
-0.086805	0.0000011533	768000
-0.087002	0.0000011533	769600
-0.086967	0.0000011533	771200
-0.087241	0.0000011533	772800
-0.087111	0.0000011533	774400
-0.087052	0.0000011533	776000
-0.087077	0.0000011533	777600
-0.087143	0.0000011533	779200
-0.087163	0.0000011533	780800
-0.087134	0.0000011533	782400
-0.087187	0.0000011533	784000
-0.087156	0.0000011533	785600
-0.087107	0.0000011533	787200
-0.087104	0.0000011533	788800
-0.087158	0.0000011533	790400
-0.087152	0.0000011533	792000
-0.087066	0.0000011533	793600
-0.087047	0.0000011533	795200
-0.086991	0.0000011533	796800
-0.086966	0.0000011533	798400
-0.087087	0.0000011533	800000
-0.087183	0.0000011533	801600
-0.087155	0.0000011533	803200
-0.087240	0.0000011533	804800
-0.087107	0.0000011533	806400
-0.087131	0.0000011533	808000
-0.087050	0.0000011533	809600
-0.087114	0.0000011533	811200
-0.087129	0.0000011533	812800
-0.087052	0.0000011533	814400
-0.086968	0.0000011533	816000
-0.087045	0.0000011533	817600
-0.086863	0.0000011533	819200
-0.087003	0.0000011533	820800
-0.086947	0.0000011533	822400
-0.087202	0.0000011533	824000
-0.087099	0.0000011533	825600
-0.087147	0.0000011533	827200
-0.087148	0.0000011533	828800
-0.087239	0.0000011533	830400
-0.087186	0.0000011533	832000
-0.087152	0.0000011533	833600
-0.087130	0.0000011533	835200
-0.087071	0.0000011533	836800
-0.087026	0.0000011533	838400
-0.086936	0.0000011533	840000
-0.087032	0.0000011533	841600
-0.087119	0.0000011533	843200
-0.087198	0.0000011533	844800
-0.087250	0.0000011533	846400
-0.087324	0.0000011533	848000
-0.087366	0.0000011533	849600
-0.087380	0.0000011533	851200
-0.087266	0.0000011533	852800
-0.087286	0.0000011533	854400
-0.087316	0.0000011533	856000
-0.087256	0.0000011533	857600
-0.087292	0.0000011533	859200
-0.087325	0.0000011533	860800
-0.087250	0.0000011533	862400
-0.087302	0.0000011533	864000
-0.087376	0.0000011533	865600
-0.087323	0.0000011533	867200
-0.087389	0.0000011533	868800
-0.087366	0.0000011533	870400
-0.087370	0.0000011533	872000
-0.087395	0.0000011533	873600
-0.087340	0.0000011533	875200
-0.087306	0.0000011533	876800
-0.087242	0.0000011533	878400
-0.087203	0.0000011533	880000
-0.087206	0.0000011533	881600
-0.087155	0.0000011533	883200
-0.087249	0.0000011533	884800
-0.087245	0.0000011533	886400
-0.087303	0.0000011533	888000
-0.087432	0.0000011533	889600
-0.087442	0.0000011533	891200
-0.087455	0.0000011533	892800
-0.087566	0.0000011533	894400
-0.087504	0.0000011533	896000
-0.087406	0.0000011533	897600
-0.087433	0.0000011533	899200
-0.087436	0.0000011533	900800
-0.087307	0.0000011533	902400
-0.087207	0.0000011533	904000
-0.087083	0.0000011533	905600
-0.087131	0.0000011533	907200
-0.087203	0.0000011533	908800
-0.087222	0.0000011533	910400
-0.087364	0.0000011533	912000
-0.087414	0.0000011533	913600
-0.087426	0.0000011533	915200
-0.087612	0.0000011533	916800
-0.087472	0.0000011533	918400
-0.087467	0.0000011533	920000
-0.087512	0.0000011533	921600
-0.087558	0.0000011533	923200
-0.087586	0.0000011533	924800
-0.087528	0.0000011533	926400
-0.087537	0.0000011533	928000
-0.087615	0.0000011533	929600
-0.087612	0.0000011533	931200
-0.087677	0.0000011533	932800
-0.087639	0.0000011533	934400
-0.087664	0.0000011533	936000
-0.087506	0.0000011533	937600
-0.087484	0.0000011533	939200
-0.087498	0.0000011533	940800
-0.087455	0.0000011533	942400
-0.087417	0.0000011533	944000
-0.087314	0.0000011533	945600
-0.087306	0.0000011533	947200
-0.087285	0.0000011533	948800
-0.087232	0.0000011533	950400
-0.087298	0.0000011533	952000
-0.087258	0.0000011533	953600
-0.087227	0.0000011533	955200
-0.087211	0.0000011533	956800
-0.087186	0.0000011533	958400
-0.087176	0.0000011533	960000
-0.087352	0.0000011533	961600
-0.087421	0.0000011533	963200
-0.087454	0.0000011533	964800
-0.087522	0.0000011533	966400
-0.087481	0.0000011533	968000
-0.087481	0.0000011533	969600
-0.087504	0.0000011533	971200
-0.087561	0.0000011533	972800
-0.087741	0.0000011533	974400
-0.087683	0.0000011533	976000
-0.087815	0.0000011533	977600
-0.087736	0.0000011533	979200
-0.087857	0.0000011533	980800
-0.087884	0.0000011533	982400
-0.088067	0.0000011533	984000
-0.088135	0.0000011533	985600
-0.088007	0.0000011533	987200
-0.088074	0.0000011533	988800
-0.087954	0.0000011533	990400
-0.087860	0.0000011533	992000
-0.087734	0.0000011533	993600
-0.087748	0.0000011533	995200
-0.087708	0.0000011533	996800
-0.087787	0.0000011533	998400
-0.087826	0.0000011533	1000000
