9.565524	0.0000018938	1600
9.345538	0.0000018694	3200
9.125885	0.0000018431	4800
8.894612	0.0000018149	6400
8.642777	0.0000017804	8000
8.414524	0.0000017461	9600
8.196817	0.0000017147	11200
7.976042	0.0000016845	12800
7.763871	0.0000016533	14400
7.561024	0.0000016224	16000
7.352207	0.0000015905	17600
7.145503	0.0000015581	19200
6.943911	0.0000015244	20800
6.738401	0.0000014892	22400
6.530234	0.0000014561	24000
6.329620	0.0000014230	25600
6.132507	0.0000013884	27200
5.939938	0.0000013569	28800
5.753431	0.0000013243	30400
5.570283	0.0000012923	32000
5.393963	0.0000012613	33600
5.225458	0.0000012301	35200
5.058391	0.0000012013	36800
4.901301	0.0000011755	38400
4.747405	0.0000011499	40000
4.599109	0.0000011240	41600
4.455912	0.0000010984	43200
4.320952	0.0000010732	44800
4.189430	0.0000010490	46400
4.059726	0.0000010255	48000
3.932477	0.0000010029	49600
3.809851	0.0000009811	51200
3.692952	0.0000009602	52800
3.576575	0.0000009387	54400
3.467110	0.0000009172	56000
3.360802	0.0000008965	57600
3.257811	0.0000008765	59200
3.159580	0.0000008570	60800
3.066860	0.0000008376	62400
2.973229	0.0000008189	64000
2.882681	0.0000007994	65600
2.797714	0.0000007817	67200
2.712962	0.0000007640	68800
2.630841	0.0000007528	70400
2.552913	0.0000007464	72000
2.477093	0.0000007389	73600
2.403530	0.0000007324	75200
2.331838	0.0000007251	76800
2.262031	0.0000007177	78400
2.197337	0.0000007106	80000
2.154115	0.0000007034	81600
2.113509	0.0000006968	83200
2.054498	0.0000006899	84800
2.009180	0.0000006829	86400
1.977953	0.0000006756	88000
1.948138	0.0000006685	89600
1.918736	0.0000006611	91200
1.878927	0.0000006544	92800
1.839355	0.0000006466	94400
1.806179	0.0000006388	96000
1.770083	0.0000006315	97600
1.739382	0.0000006246	99200
1.709855	0.0000006180	100800
1.681984	0.0000006105	102400
1.658245	0.0000006040	104000
1.633276	0.0000005968	105600
1.600616	0.0000005898	107200
1.564690	0.0000005827	108800
1.535718	0.0000005755	110400
1.511536	0.0000005692	112000
1.475152	0.0000005616	113600
1.432136	0.0000005545	115200
1.394529	0.0000005477	116800
1.371368	0.0000005406	118400
1.348872	0.0000005337	120000
1.327194	0.0000005272	121600
1.301627	0.0000005206	123200
1.275999	0.0000005140	124800
1.253939	0.0000005070	126400
1.234573	0.0000005001	128000
1.211290	0.0000004936	129600
1.190020	0.0000004918	131200
1.170135	0.0000004900	132800
1.151417	0.0000004881	134400
1.134183	0.0000004871	136000
1.113910	0.0000004850	137600
1.091516	0.0000004826	139200
1.069860	0.0000004807	140800
1.052445	0.0000004795	142400
1.035512	0.0000004784	144000
1.021028	0.0000004774	145600
1.004417	0.0000004759	147200
0.990690	0.0000004744	148800
0.973628	0.0000004727	150400
0.957642	0.0000004707	152000
0.943004	0.0000004692	153600
0.926514	0.0000004671	155200
0.912527	0.0000004655	156800
0.899432	0.0000004641	158400
0.887533	0.0000004629	160000
0.874706	0.0000004613	161600
0.863658	0.0000004598	163200
0.853323	0.0000004585	164800
0.842828	0.0000004572	166400
0.832154	0.0000004562	168000
0.820920	0.0000004554	169600
0.809945	0.0000004545	171200
0.799441	0.0000004535	172800
0.789710	0.0000004526	174400
0.779252	0.0000004518	176000
0.769327	0.0000004511	177600
0.760279	0.0000004502	179200
0.751241	0.0000004496	180800
0.742781	0.0000004491	182400
0.735371	0.0000004486	184000
0.726715	0.0000004480	185600
0.718430	0.0000004476	187200
0.710472	0.0000004471	188800
0.702777	0.0000004468	190400
0.696424	0.0000004464	192000
0.688760	0.0000004461	193600
0.681586	0.0000004458	195200
0.674828	0.0000004455	196800
0.668519	0.0000004452	198400
0.661947	0.0000004450	200000
0.654271	0.0000004447	201600
0.647143	0.0000004445	203200
0.640055	0.0000004443	204800
0.633266	0.0000004441	206400
0.626660	0.0000004439	208000
0.619837	0.0000004438	209600
0.613694	0.0000004437	211200
0.608002	0.0000004436	212800
0.603264	0.0000004435	214400
0.598294	0.0000004435	216000
0.594085	0.0000004434	217600
0.590496	0.0000004434	219200
0.587420	0.0000004434	220800
0.585749	0.0000004433	222400
0.583598	0.0000004433	224000
0.581921	0.0000004433	225600
0.578734	0.0000004433	227200
0.577340	0.0000004433	228800
0.575472	0.0000004433	230400
0.573527	0.0000004433	232000
0.572302	0.0000004433	233600
0.571530	0.0000004433	235200
0.570512	0.0000004433	236800
0.568221	0.0000004433	238400
0.566330	0.0000004433	240000
0.564514	0.0000004433	241600
0.562902	0.0000004433	243200
0.563188	0.0000004433	244800
0.562200	0.0000004433	246400
0.561003	0.0000004433	248000
0.559638	0.0000004433	249600
0.558849	0.0000004433	251200
0.558583	0.0000004433	252800
0.557204	0.0000004433	254400
0.556071	0.0000004433	256000
0.555606	0.0000004433	257600
0.554193	0.0000004433	259200
0.553110	0.0000004433	260800
0.552964	0.0000004433	262400
0.552545	0.0000004433	264000
0.551332	0.0000004433	265600
0.550552	0.0000004433	267200
0.549841	0.0000004433	268800
0.548728	0.0000004433	270400
0.546810	0.0000004433	272000
0.546855	0.0000004433	273600
0.546263	0.0000004433	275200
0.546350	0.0000004433	276800
0.546817	0.0000004433	278400
0.546686	0.0000004433	280000
0.546529	0.0000004433	281600
0.545601	0.0000004433	283200
0.544948	0.0000004433	284800
0.545807	0.0000004433	286400
0.545697	0.0000004433	288000
0.545630	0.0000004433	289600
0.544322	0.0000004433	291200
0.544092	0.0000004433	292800
0.544813	0.0000004433	294400
0.545866	0.0000004433	296000
0.545324	0.0000004433	297600
0.545626	0.0000004433	299200
0.545204	0.0000004433	300800
0.545153	0.0000004433	302400
0.545128	0.0000004433	304000
0.544047	0.0000004433	305600
0.544337	0.0000004433	307200
0.543826	0.0000004433	308800
0.543861	0.0000004433	310400
0.542802	0.0000004433	312000
0.542214	0.0000004433	313600
0.543538	0.0000004433	315200
0.542783	0.0000004433	316800
0.543614	0.0000004433	318400
0.542853	0.0000004433	320000
0.542741	0.0000004433	321600
0.543063	0.0000004433	323200
0.543808	0.0000004433	324800
0.543892	0.0000004433	326400
0.544313	0.0000004433	328000
0.543395	0.0000004433	329600
0.543397	0.0000004433	331200
0.543716	0.0000004433	332800
0.543210	0.0000004433	334400
0.543126	0.0000004433	336000
0.543555	0.0000004433	337600
0.542536	0.0000004433	339200
0.542232	0.0000004433	340800
0.541377	0.0000004433	342400
0.541247	0.0000004433	344000
0.540665	0.0000004433	345600
0.540860	0.0000004433	347200
0.539928	0.0000004433	348800
0.539586	0.0000004433	350400
0.539166	0.0000004433	352000
0.538382	0.0000004433	353600
0.538012	0.0000004433	355200
0.537573	0.0000004433	356800
0.536718	0.0000004433	358400
0.537463	0.0000004433	360000
0.537448	0.0000004433	361600
0.536657	0.0000004433	363200
0.536652	0.0000004433	364800
0.535898	0.0000004433	366400
0.535146	0.0000004433	368000
0.534535	0.0000004433	369600
0.535340	0.0000004433	371200
0.535116	0.0000004433	372800
0.535801	0.0000004433	374400
0.535404	0.0000004433	376000
0.535458	0.0000004433	377600
0.535567	0.0000004433	379200
0.535620	0.0000004433	380800
0.535457	0.0000004433	382400
0.534915	0.0000004433	384000
0.534427	0.0000004433	385600
0.535116	0.0000004433	387200
0.535702	0.0000004433	388800
0.535697	0.0000004433	390400
0.536379	0.0000004433	392000
0.536488	0.0000004433	393600
0.535918	0.0000004433	395200
0.536538	0.0000004433	396800
0.537201	0.0000004433	398400
0.537973	0.0000004433	400000
0.537481	0.0000004433	401600
0.537704	0.0000004433	403200
0.538233	0.0000004433	404800
0.537922	0.0000004433	406400
0.538700	0.0000004433	408000
0.539520	0.0000004433	409600
0.539385	0.0000004433	411200
0.539308	0.0000004433	412800
0.538677	0.0000004433	414400
0.537750	0.0000004433	416000
0.536321	0.0000004433	417600
0.535746	0.0000004433	419200
0.534663	0.0000004433	420800
0.534811	0.0000004433	422400
0.533801	0.0000004433	424000
0.533157	0.0000004433	425600
0.533693	0.0000004433	427200
0.533952	0.0000004433	428800
0.534568	0.0000004433	430400
0.534338	0.0000004433	432000
0.533465	0.0000004433	433600
0.534030	0.0000004433	435200
0.534376	0.0000004433	436800
0.534232	0.0000004433	438400
0.534083	0.0000004433	440000
0.534371	0.0000004433	441600
0.534274	0.0000004433	443200
0.534566	0.0000004433	444800
0.534905	0.0000004433	446400
0.535791	0.0000004433	448000
0.536448	0.0000004433	449600
0.536822	0.0000004433	451200
0.536801	0.0000004433	452800
0.538199	0.0000004433	454400
0.539331	0.0000004433	456000
0.540820	0.0000004433	457600
0.539639	0.0000004433	459200
0.539447	0.0000004433	460800
0.539180	0.0000004433	462400
0.539171	0.0000004433	464000
0.538512	0.0000004433	465600
0.539160	0.0000004433	467200
0.539169	0.0000004433	468800
0.539635	0.0000004433	470400
0.539262	0.0000004433	472000
0.538296	0.0000004433	473600
0.538285	0.0000004433	475200
0.537929	0.0000004433	476800
0.537776	0.0000004433	478400
0.537331	0.0000004433	480000
0.536616	0.0000004433	481600
0.535186	0.0000004433	483200
0.535584	0.0000004433	484800
0.535674	0.0000004433	486400
0.535795	0.0000004433	488000
0.535811	0.0000004433	489600
0.534553	0.0000004433	491200
0.534289	0.0000004433	492800
0.534571	0.0000004433	494400
0.534058	0.0000004433	496000
0.534111	0.0000004433	497600
0.533674	0.0000004433	499200
0.533941	0.0000004433	500800
0.534016	0.0000004433	502400
0.533174	0.0000004433	504000
0.532382	0.0000004433	505600
0.532528	0.0000004433	507200
0.532724	0.0000004433	508800
0.531721	0.0000004433	510400
0.532383	0.0000004433	512000
0.532885	0.0000004433	513600
0.533039	0.0000004433	515200
0.533176	0.0000004433	516800
0.532628	0.0000004433	518400
0.533058	0.0000004433	520000
0.534066	0.0000004433	521600
0.533936	0.0000004433	523200
0.534064	0.0000004433	524800
0.533354	0.0000004433	526400
0.532901	0.0000004433	528000
0.533608	0.0000004433	529600
0.533707	0.0000004433	531200
0.533118	0.0000004433	532800
0.532723	0.0000004433	534400
0.533719	0.0000004433	536000
0.533290	0.0000004433	537600
0.533030	0.0000004433	539200
0.532596	0.0000004433	540800
0.531942	0.0000004433	542400
0.532402	0.0000004433	544000
0.533282	0.0000004433	545600
0.531556	0.0000004433	547200
0.531650	0.0000004433	548800
0.531395	0.0000004433	550400
0.532682	0.0000004433	552000
0.533162	0.0000004433	553600
0.532426	0.0000004433	555200
0.532087	0.0000004433	556800
0.532247	0.0000004433	558400
0.532992	0.0000004433	560000
0.532139	0.0000004433	561600
0.531357	0.0000004433	563200
0.532599	0.0000004433	564800
0.531441	0.0000004433	566400
0.531155	0.0000004433	568000
0.530620	0.0000004433	569600
0.529940	0.0000004433	571200
0.529364	0.0000004433	572800
0.529601	0.0000004433	574400
0.529888	0.0000004433	576000
0.529836	0.0000004433	577600
0.530114	0.0000004433	579200
0.529852	0.0000004433	580800
0.530027	0.0000004433	582400
0.530080	0.0000004433	584000
0.530301	0.0000004433	585600
0.530400	0.0000004433	587200
0.530447	0.0000004433	588800
0.530610	0.0000004433	590400
0.531310	0.0000004433	592000
0.531060	0.0000004433	593600
0.530044	0.0000004433	595200
0.530183	0.0000004433	596800
0.530349	0.0000004433	598400
0.530043	0.0000004433	600000
0.530113	0.0000004433	601600
0.529902	0.0000004433	603200
0.530450	0.0000004433	604800
0.530928	0.0000004433	606400
0.530776	0.0000004433	608000
0.530134	0.0000004433	609600
0.530841	0.0000004433	611200
0.529961	0.0000004433	612800
0.530441	0.0000004433	614400
0.530289	0.0000004433	616000
0.530605	0.0000004433	617600
0.529210	0.0000004433	619200
0.528441	0.0000004433	620800
0.527807	0.0000004433	622400
0.527282	0.0000004433	624000
0.527438	0.0000004433	625600
0.526462	0.0000004433	627200
0.526202	0.0000004433	628800
0.526815	0.0000004433	630400
0.526074	0.0000004433	632000
0.527121	0.0000004433	633600
0.526461	0.0000004433	635200
0.525831	0.0000004433	636800
0.526302	0.0000004433	638400
0.526758	0.0000004433	640000
0.525737	0.0000004433	641600
0.525508	0.0000004433	643200
0.525639	0.0000004433	644800
0.525417	0.0000004433	646400
0.525313	0.0000004433	648000
0.525957	0.0000004433	649600
0.526328	0.0000004433	651200
0.527341	0.0000004433	652800
0.527247	0.0000004433	654400
0.527185	0.0000004433	656000
0.528195	0.0000004433	657600
0.529003	0.0000004433	659200
0.528902	0.0000004433	660800
0.528947	0.0000004433	662400
0.528770	0.0000004433	664000
0.528677	0.0000004433	665600
0.528928	0.0000004433	667200
0.529639	0.0000004433	668800
0.530826	0.0000004433	670400
0.531730	0.0000004433	672000
0.531920	0.0000004433	673600
0.531152	0.0000004433	675200
0.531386	0.0000004433	676800
0.531227	0.0000004433	678400
0.531494	0.0000004433	680000
0.531223	0.0000004433	681600
0.531283	0.0000004433	683200
0.531694	0.0000004433	684800
0.531285	0.0000004433	686400
0.530692	0.0000004433	688000
0.530262	0.0000004433	689600
0.530034	0.0000004433	691200
0.529449	0.0000004433	692800
0.530216	0.0000004433	694400
0.530135	0.0000004433	696000
0.530530	0.0000004433	697600
0.530515	0.0000004433	699200
0.530110	0.0000004433	700800
0.530924	0.0000004433	702400
0.531047	0.0000004433	704000
0.531520	0.0000004433	705600
0.531405	0.0000004433	707200
0.531089	0.0000004433	708800
0.530628	0.0000004433	710400
0.530570	0.0000004433	712000
0.529720	0.0000004433	713600
0.529423	0.0000004433	715200
0.530598	0.0000004433	716800
0.531362	0.0000004433	718400
0.531380	0.0000004433	720000
0.531731	0.0000004433	721600
0.531406	0.0000004433	723200
0.531138	0.0000004433	724800
0.530353	0.0000004433	726400
0.530302	0.0000004433	728000
0.531288	0.0000004433	729600
0.532116	0.0000004433	731200
0.531952	0.0000004433	732800
0.531481	0.0000004433	734400
0.531545	0.0000004433	736000
0.531972	0.0000004433	737600
0.531700	0.0000004433	739200
0.531852	0.0000004433	740800
0.532286	0.0000004433	742400
0.531823	0.0000004433	744000
0.532897	0.0000004433	745600
0.532390	0.0000004433	747200
0.532391	0.0000004433	748800
0.532396	0.0000004433	750400
0.533142	0.0000004433	752000
0.533137	0.0000004433	753600
0.532713	0.0000004433	755200
0.533168	0.0000004433	756800
0.531770	0.0000004433	758400
0.532166	0.0000004433	760000
0.532245	0.0000004433	761600
0.532646	0.0000004433	763200
0.533578	0.0000004433	764800
0.532833	0.0000004433	766400
0.532264	0.0000004433	768000
0.531862	0.0000004433	769600
0.532204	0.0000004433	771200
0.532228	0.0000004433	772800
0.531736	0.0000004433	774400
0.531347	0.0000004433	776000
0.531118	0.0000004433	777600
0.530670	0.0000004433	779200
0.529827	0.0000004433	780800
0.530463	0.0000004433	782400
0.530063	0.0000004433	784000
0.529725	0.0000004433	785600
0.529981	0.0000004433	787200
0.529578	0.0000004433	788800
0.529236	0.0000004433	790400
0.530186	0.0000004433	792000
0.529933	0.0000004433	793600
0.529728	0.0000004433	795200
0.529702	0.0000004433	796800
0.530029	0.0000004433	798400
0.529050	0.0000004433	800000
0.529228	0.0000004433	801600
0.529550	0.0000004433	803200
0.529099	0.0000004433	804800
0.529458	0.0000004433	806400
0.529970	0.0000004433	808000
0.530072	0.0000004433	809600
0.530747	0.0000004433	811200
0.530148	0.0000004433	812800
0.530410	0.0000004433	814400
0.529749	0.0000004433	816000
0.530489	0.0000004433	817600
0.530946	0.0000004433	819200
0.531391	0.0000004433	820800
0.532413	0.0000004433	822400
0.532075	0.0000004433	824000
0.531484	0.0000004433	825600
0.531388	0.0000004433	827200
0.531336	0.0000004433	828800
0.531145	0.0000004433	830400
0.531150	0.0000004433	832000
0.530565	0.0000004433	833600
0.529856	0.0000004433	835200
0.529967	0.0000004433	836800
0.529648	0.0000004433	838400
0.530522	0.0000004433	840000
0.531375	0.0000004433	841600
0.530190	0.0000004433	843200
0.529770	0.0000004433	844800
0.529559	0.0000004433	846400
0.529852	0.0000004433	848000
0.529702	0.0000004433	849600
0.529571	0.0000004433	851200
0.529549	0.0000004433	852800
0.529481	0.0000004433	854400
0.529783	0.0000004433	856000
0.528720	0.0000004433	857600
0.528517	0.0000004433	859200
0.528353	0.0000004433	860800
0.528225	0.0000004433	862400
0.528054	0.0000004433	864000
0.528386	0.0000004433	865600
0.528305	0.0000004433	867200
0.527633	0.0000004433	868800
0.527683	0.0000004433	870400
0.527297	0.0000004433	872000
0.527303	0.0000004433	873600
0.527704	0.0000004433	875200
0.527434	0.0000004433	876800
0.527551	0.0000004433	878400
0.527856	0.0000004433	880000
0.527598	0.0000004433	881600
0.527108	0.0000004433	883200
0.527140	0.0000004433	884800
0.527371	0.0000004433	886400
0.527884	0.0000004433	888000
0.528513	0.0000004433	889600
0.529232	0.0000004433	891200
0.529967	0.0000004433	892800
0.531255	0.0000004433	894400
0.530443	0.0000004433	896000
0.530428	0.0000004433	897600
0.531467	0.0000004433	899200
0.531291	0.0000004433	900800
0.532119	0.0000004433	902400
0.531670	0.0000004433	904000
0.531836	0.0000004433	905600
0.532417	0.0000004433	907200
0.532310	0.0000004433	908800
0.533231	0.0000004433	910400
0.533612	0.0000004433	912000
0.533485	0.0000004433	913600
0.533750	0.0000004433	915200
0.533024	0.0000004433	916800
0.533063	0.0000004433	918400
0.532224	0.0000004433	920000
0.532252	0.0000004433	921600
0.532122	0.0000004433	923200
0.531721	0.0000004433	924800
0.531474	0.0000004433	926400
0.531197	0.0000004433	928000
0.530165	0.0000004433	929600
0.529742	0.0000004433	931200
0.529913	0.0000004433	932800
0.530485	0.0000004433	934400
0.530239	0.0000004433	936000
0.531001	0.0000004433	937600
0.530932	0.0000004433	939200
0.531737	0.0000004433	940800
0.531770	0.0000004433	942400
0.530803	0.0000004433	944000
0.531497	0.0000004433	945600
0.531216	0.0000004433	947200
0.530346	0.0000004433	948800
0.529987	0.0000004433	950400
0.530384	0.0000004433	952000
0.530682	0.0000004433	953600
0.530101	0.0000004433	955200
0.529624	0.0000004433	956800
0.529713	0.0000004433	958400
0.529033	0.0000004433	960000
0.528467	0.0000004433	961600
0.527690	0.0000004433	963200
0.527516	0.0000004433	964800
0.527368	0.0000004433	966400
0.527664	0.0000004433	968000
0.527216	0.0000004433	969600
0.526516	0.0000004433	971200
0.525910	0.0000004433	972800
0.526282	0.0000004433	974400
0.526112	0.0000004433	976000
0.525818	0.0000004433	977600
0.525399	0.0000004433	979200
0.526282	0.0000004433	980800
0.526757	0.0000004433	982400
0.526199	0.0000004433	984000
0.525483	0.0000004433	985600
0.524550	0.0000004433	987200
0.524299	0.0000004433	988800
0.524311	0.0000004433	990400
0.524928	0.0000004433	992000
0.524363	0.0000004433	993600
0.525710	0.0000004433	995200
0.526869	0.0000004433	996800
0.527920	0.0000004433	998400
0.527493	0.0000004433	1000000
