11.204954	0.0000121858	1600
10.801707	0.0000117465	3200
9.953488	0.0000108801	4800
9.150903	0.0000100092	6400
8.554384	0.0000092572	8000
7.978158	0.0000085545	9600
7.327090	0.0000078626	11200
6.600130	0.0000073485	12800
5.847137	0.0000068906	14400
5.213855	0.0000064467	16000
4.608421	0.0000060059	17600
4.042932	0.0000055974	19200
3.593484	0.0000052345	20800
3.181616	0.0000049470	22400
2.847249	0.0000047416	24000
2.579292	0.0000045338	25600
2.303131	0.0000043291	27200
2.067315	0.0000041323	28800
1.857443	0.0000039428	30400
1.679570	0.0000037632	32000
1.517422	0.0000036281	33600
1.370404	0.0000035183	35200
1.242192	0.0000034066	36800
1.123304	0.0000032875	38400
1.011405	0.0000031750	40000
0.904484	0.0000030570	41600
0.827618	0.0000029518	43200
0.767443	0.0000028864	44800
0.698826	0.0000028213	46400
0.651521	0.0000027419	48000
0.589960	0.0000026626	49600
0.548034	0.0000025784	51200
0.511806	0.0000024965	52800
0.476193	0.0000024255	54400
0.442837	0.0000023805	56000
0.408810	0.0000023290	57600
0.380117	0.0000022735	59200
0.353802	0.0000022436	60800
0.328836	0.0000022153	62400
0.310148	0.0000021816	64000
0.295958	0.0000021598	65600
0.279758	0.0000021423	67200
0.261039	0.0000021242	68800
0.245266	0.0000021035	70400
0.230159	0.0000020814	72000
0.218115	0.0000020589	73600
0.206089	0.0000020339	75200
0.196081	0.0000020154	76800
0.188266	0.0000019969	78400
0.179054	0.0000019791	80000
0.173333	0.0000019615	81600
0.162188	0.0000019430	83200
0.156262	0.0000019222	84800
0.151916	0.0000019012	86400
0.146367	0.0000018921	88000
0.139586	0.0000018806	89600
0.135566	0.0000018683	91200
0.129611	0.0000018533	92800
0.125675	0.0000018339	94400
0.122923	0.0000018178	96000
0.118558	0.0000018041	97600
0.113756	0.0000017930	99200
0.111054	0.0000017837	100800
0.108561	0.0000017743	102400
0.106134	0.0000017647	104000
0.103956	0.0000017538	105600
0.100162	0.0000017381	107200
0.097230	0.0000017254	108800
0.095378	0.0000017172	110400
0.093539	0.0000017078	112000
0.091577	0.0000016964	113600
0.089783	0.0000016846	115200
0.087955	0.0000016716	116800
0.085259	0.0000016599	118400
0.083713	0.0000016537	120000
0.082175	0.0000016475	121600
0.080652	0.0000016376	123200
0.079219	0.0000016272	124800
0.077625	0.0000016168	126400
0.076108	0.0000016054	128000
0.074889	0.0000015956	129600
0.073629	0.0000015892	131200
0.072290	0.0000015836	132800
0.071027	0.0000015747	134400
0.069637	0.0000015684	136000
0.068498	0.0000015590	137600
0.067193	0.0000015487	139200
0.066015	0.0000015431	140800
0.064832	0.0000015377	142400
0.063812	0.0000015317	144000
0.062786	0.0000015268	145600
0.061640	0.0000015193	147200
0.060721	0.0000015118	148800
0.059799	0.0000015028	150400
0.058652	0.0000014967	152000
0.057861	0.0000014921	153600
0.056812	0.0000014866	155200
0.055906	0.0000014791	156800
0.055049	0.0000014737	158400
0.054411	0.0000014659	160000
0.053644	0.0000014592	161600
0.052873	0.0000014546	163200
0.052151	0.0000014503	164800
0.051466	0.0000014446	166400
0.050823	0.0000014389	168000
0.050143	0.0000014330	169600
0.049383	0.0000014276	171200
0.048622	0.0000014219	172800
0.047893	0.0000014189	174400
0.047147	0.0000014145	176000
0.046389	0.0000014091	177600
0.045746	0.0000014027	179200
0.045053	0.0000013969	180800
0.044432	0.0000013906	182400
0.043761	0.0000013850	184000
0.043199	0.0000013833	185600
0.042590	0.0000013790	187200
0.042059	0.0000013746	188800
0.041513	0.0000013698	190400
0.041062	0.0000013649	192000
0.040569	0.0000013583	193600
0.040076	0.0000013549	195200
0.039536	0.0000013514	196800
0.039083	0.0000013482	198400
0.038564	0.0000013443	200000
0.032681	0.0000013217	201600
0.029405	0.0000013054	203200
0.026973	0.0000012946	204800
0.025121	0.0000012805	206400
0.023594	0.0000012673	208000
0.022550	0.0000012575	209600
0.021809	0.0000012500	211200
0.021209	0.0000012445	212800
0.020824	0.0000012404	214400
0.020560	0.0000012374	216000
0.020127	0.0000012348	217600
0.019633	0.0000012307	219200
0.019188	0.0000012281	220800
0.018960	0.0000012272	222400
0.018736	0.0000012256	224000
0.018533	0.0000012239	225600
0.018241	0.0000012208	227200
0.018111	0.0000012174	228800
0.017875	0.0000012165	230400
0.017801	0.0000012140	232000
0.017389	0.0000012129	233600
0.017436	0.0000012102	235200
0.017263	0.0000012084	236800
0.017104	0.0000012072	238400
0.017048	0.0000012057	240000
0.016799	0.0000012032	241600
0.016670	0.0000012017	243200
0.016555	0.0000012013	244800
0.016475	0.0000012005	246400
0.016537	0.0000011990	248000
0.016409	0.0000011982	249600
0.016348	0.0000011981	251200
0.016164	0.0000011959	252800
0.016123	0.0000011958	254400
0.015909	0.0000011953	256000
0.015705	0.0000011954	257600
0.015689	0.0000011942	259200
0.015499	0.0000011940	260800
0.015326	0.0000011923	262400
0.015335	0.0000011918	264000
0.015032	0.0000011928	265600
0.015247	0.0000011910	267200
0.015078	0.0000011898	268800
0.014911	0.0000011894	270400
0.014776	0.0000011887	272000
0.014651	0.0000011899	273600
0.014712	0.0000011881	275200
0.014690	0.0000011877	276800
0.014718	0.0000011878	278400
0.014740	0.0000011870	280000
0.014709	0.0000011872	281600
0.014663	0.0000011867	283200
0.014758	0.0000011844	284800
0.014812	0.0000011838	286400
0.014744	0.0000011849	288000
0.014688	0.0000011858	289600
0.014621	0.0000011851	291200
0.014611	0.0000011847	292800
0.014626	0.0000011848	294400
0.014612	0.0000011841	296000
0.014400	0.0000011837	297600
0.014555	0.0000011839	299200
0.014538	0.0000011834	300800
0.014507	0.0000011832	302400
0.014504	0.0000011819	304000
0.014572	0.0000011822	305600
0.014486	0.0000011823	307200
0.014362	0.0000011814	308800
0.014215	0.0000011809	310400
0.014300	0.0000011813	312000
0.014347	0.0000011810	313600
0.014465	0.0000011795	315200
0.014566	0.0000011793	316800
0.014509	0.0000011788	318400
0.014616	0.0000011788	320000
0.014685	0.0000011779	321600
0.014623	0.0000011758	323200
0.014666	0.0000011746	324800
0.014591	0.0000011741	326400
0.014668	0.0000011738	328000
0.014634	0.0000011732	329600
0.014466	0.0000011732	331200
0.014483	0.0000011725	332800
0.014432	0.0000011717	334400
0.014385	0.0000011713	336000
0.014333	0.0000011722	337600
0.014190	0.0000011718	339200
0.014228	0.0000011720	340800
0.014216	0.0000011732	342400
0.014147	0.0000011737	344000
0.014023	0.0000011715	345600
0.013876	0.0000011700	347200
0.013803	0.0000011702	348800
0.013786	0.0000011684	350400
0.013694	0.0000011683	352000
0.013630	0.0000011678	353600
0.013622	0.0000011674	355200
0.013670	0.0000011662	356800
0.013509	0.0000011657	358400
0.013309	0.0000011664	360000
0.012967	0.0000011666	361600
0.013242	0.0000011659	363200
0.013317	0.0000011640	364800
0.013348	0.0000011639	366400
0.013240	0.0000011630	368000
0.013251	0.0000011629	369600
0.013381	0.0000011611	371200
0.013491	0.0000011615	372800
0.013556	0.0000011610	374400
0.013547	0.0000011617	376000
0.013550	0.0000011616	377600
0.013512	0.0000011624	379200
0.013365	0.0000011609	380800
0.013434	0.0000011604	382400
0.013486	0.0000011605	384000
0.013452	0.0000011610	385600
0.013317	0.0000011608	387200
0.013252	0.0000011597	388800
0.013396	0.0000011614	390400
0.013294	0.0000011598	392000
0.013118	0.0000011603	393600
0.013396	0.0000011606	395200
0.013358	0.0000011616	396800
0.013494	0.0000011625	398400
0.013524	0.0000011622	400000
0.013602	0.0000011625	401600
0.013433	0.0000011631	403200
0.013377	0.0000011642	404800
0.013469	0.0000011643	406400
0.013443	0.0000011649	408000
0.013398	0.0000011635	409600
0.013357	0.0000011637	411200
0.013105	0.0000011640	412800
0.013074	0.0000011635	414400
0.013139	0.0000011630	416000
0.013039	0.0000011628	417600
0.013089	0.0000011623	419200
0.013131	0.0000011623	420800
0.013028	0.0000011637	422400
0.013066	0.0000011644	424000
0.012864	0.0000011650	425600
0.013137	0.0000011640	427200
0.013085	0.0000011633	428800
0.012983	0.0000011628	430400
0.012947	0.0000011632	432000
0.012938	0.0000011633	433600
0.013022	0.0000011624	435200
0.012999	0.0000011608	436800
0.013008	0.0000011605	438400
0.012960	0.0000011593	440000
0.012792	0.0000011592	441600
0.012836	0.0000011584	443200
0.012753	0.0000011574	444800
0.012872	0.0000011577	446400
0.012816	0.0000011582	448000
0.012804	0.0000011579	449600
0.012987	0.0000011577	451200
0.013081	0.0000011593	452800
0.013234	0.0000011601	454400
0.013274	0.0000011602	456000
0.013089	0.0000011601	457600
0.013225	0.0000011605	459200
0.013210	0.0000011601	460800
0.013198	0.0000011597	462400
0.013251	0.0000011601	464000
0.013250	0.0000011589	465600
0.013295	0.0000011589	467200
0.013287	0.0000011592	468800
0.013327	0.0000011577	470400
0.013359	0.0000011577	472000
0.013434	0.0000011582	473600
0.013458	0.0000011594	475200
0.013473	0.0000011594	476800
0.013461	0.0000011575	478400
0.013415	0.0000011574	480000
0.013459	0.0000011569	481600
0.013536	0.0000011564	483200
0.013536	0.0000011576	484800
0.013459	0.0000011567	486400
0.013529	0.0000011560	488000
0.013373	0.0000011551	489600
0.013476	0.0000011538	491200
0.013379	0.0000011536	492800
0.013245	0.0000011536	494400
0.013240	0.0000011528	496000
0.013089	0.0000011524	497600
0.012985	0.0000011514	499200
0.012809	0.0000011521	500800
0.012769	0.0000011520	502400
0.012791	0.0000011518	504000
0.012853	0.0000011504	505600
0.012770	0.0000011504	507200
0.012642	0.0000011514	508800
0.012750	0.0000011519	510400
0.012770	0.0000011516	512000
0.012738	0.0000011513	513600
0.012720	0.0000011527	515200
0.012815	0.0000011524	516800
0.012985	0.0000011516	518400
0.012887	0.0000011513	520000
0.012871	0.0000011508	521600
0.012947	0.0000011505	523200
0.012875	0.0000011506	524800
0.012932	0.0000011499	526400
0.013042	0.0000011499	528000
0.013026	0.0000011501	529600
0.012941	0.0000011500	531200
0.012847	0.0000011494	532800
0.012798	0.0000011489	534400
0.012798	0.0000011490	536000
0.012876	0.0000011485	537600
0.012947	0.0000011489	539200
0.013032	0.0000011499	540800
0.013183	0.0000011485	542400
0.013108	0.0000011470	544000
0.013219	0.0000011465	545600
0.013340	0.0000011456	547200
0.013379	0.0000011460	548800
0.013481	0.0000011454	550400
0.013329	0.0000011450	552000
0.013154	0.0000011445	553600
0.013296	0.0000011454	555200
0.013235	0.0000011463	556800
0.013248	0.0000011470	558400
0.013110	0.0000011473	560000
0.013060	0.0000011472	561600
0.013035	0.0000011450	563200
0.013142	0.0000011455	564800
0.013005	0.0000011453	566400
0.012967	0.0000011448	568000
0.012999	0.0000011463	569600
0.012968	0.0000011470	571200
0.012904	0.0000011466	572800
0.012861	0.0000011452	574400
0.012846	0.0000011439	576000
0.012798	0.0000011453	577600
0.012850	0.0000011453	579200
0.012745	0.0000011448	580800
0.012851	0.0000011445	582400
0.013009	0.0000011438	584000
0.012865	0.0000011440	585600
0.012995	0.0000011446	587200
0.012953	0.0000011436	588800
0.012801	0.0000011432	590400
0.012751	0.0000011430	592000
0.012694	0.0000011434	593600
0.012706	0.0000011434	595200
0.012795	0.0000011424	596800
0.012836	0.0000011421	598400
0.012789	0.0000011416	600000
0.012751	0.0000011416	601600
0.012743	0.0000011424	603200
0.012734	0.0000011432	604800
0.012720	0.0000011440	606400
0.012685	0.0000011436	608000
0.012677	0.0000011446	609600
0.012759	0.0000011447	611200
0.012624	0.0000011446	612800
0.012542	0.0000011453	614400
0.012550	0.0000011471	616000
0.012593	0.0000011474	617600
0.012607	0.0000011467	619200
0.012568	0.0000011467	620800
0.012486	0.0000011459	622400
0.012379	0.0000011449	624000
0.012445	0.0000011454	625600
0.012398	0.0000011445	627200
0.012176	0.0000011450	628800
0.012264	0.0000011466	630400
0.012235	0.0000011453	632000
0.012195	0.0000011458	633600
0.012143	0.0000011458	635200
0.011920	0.0000011460	636800
0.011802	0.0000011461	638400
0.011794	0.0000011457	640000
0.011870	0.0000011455	641600
0.011897	0.0000011455	643200
0.011835	0.0000011445	644800
0.011808	0.0000011442	646400
0.011744	0.0000011433	648000
0.011451	0.0000011434	649600
0.011587	0.0000011426	651200
0.011639	0.0000011426	652800
0.011624	0.0000011430	654400
0.011630	0.0000011438	656000
0.011606	0.0000011451	657600
0.011592	0.0000011449	659200
0.011605	0.0000011443	660800
0.011671	0.0000011422	662400
0.011640	0.0000011438	664000
0.011741	0.0000011434	665600
0.011629	0.0000011443	667200
0.011533	0.0000011450	668800
0.011528	0.0000011449	670400
0.011541	0.0000011450	672000
0.011639	0.0000011438	673600
0.011697	0.0000011424	675200
0.011661	0.0000011416	676800
0.011649	0.0000011412	678400
0.011723	0.0000011426	680000
0.011617	0.0000011406	681600
0.011714	0.0000011396	683200
0.011708	0.0000011404	684800
0.011698	0.0000011392	686400
0.011619	0.0000011400	688000
0.011569	0.0000011398	689600
0.011565	0.0000011400	691200
0.011609	0.0000011397	692800
0.011573	0.0000011407	694400
0.011547	0.0000011397	696000
0.011540	0.0000011392	697600
0.011600	0.0000011404	699200
0.011586	0.0000011402	700800
0.011541	0.0000011416	702400
0.011585	0.0000011414	704000
0.011666	0.0000011433	705600
0.011711	0.0000011439	707200
0.011777	0.0000011437	708800
0.011805	0.0000011438	710400
0.011766	0.0000011433	712000
0.011707	0.0000011441	713600
0.012032	0.0000011435	715200
0.011990	0.0000011444	716800
0.011868	0.0000011442	718400
0.011800	0.0000011433	720000
0.011851	0.0000011427	721600
0.011903	0.0000011430	723200
0.011970	0.0000011419	724800
0.012011	0.0000011422	726400
0.012035	0.0000011418	728000
0.012124	0.0000011424	729600
0.012130	0.0000011418	731200
0.012008	0.0000011421	732800
0.012088	0.0000011443	734400
0.012013	0.0000011450	736000
0.011982	0.0000011428	737600
0.011972	0.0000011419	739200
0.011850	0.0000011434	740800
0.011736	0.0000011438	742400
0.011792	0.0000011433	744000
0.011644	0.0000011419	745600
0.011630	0.0000011402	747200
0.011599	0.0000011390	748800
0.011534	0.0000011387	750400
0.011652	0.0000011384	752000
0.011722	0.0000011385	753600
0.011818	0.0000011390	755200
0.011826	0.0000011384	756800
0.011797	0.0000011389	758400
0.011745	0.0000011392	760000
0.011769	0.0000011385	761600
0.011693	0.0000011389	763200
0.011670	0.0000011384	764800
0.011655	0.0000011391	766400
0.011760	0.0000011399	768000
0.011667	0.0000011386	769600
0.011664	0.0000011394	771200
0.011577	0.0000011383	772800
0.011436	0.0000011372	774400
0.011381	0.0000011375	776000
0.011177	0.0000011373	777600
0.011325	0.0000011354	779200
0.011260	0.0000011355	780800
0.011317	0.0000011351	782400
0.011277	0.0000011346	784000
0.011286	0.0000011353	785600
0.011368	0.0000011351	787200
0.011385	0.0000011360	788800
0.011459	0.0000011341	790400
0.011541	0.0000011348	792000
0.011525	0.0000011359	793600
0.011493	0.0000011370	795200
0.011371	0.0000011378	796800
0.011412	0.0000011378	798400
0.011341	0.0000011375	800000
0.011251	0.0000011370	801600
0.011243	0.0000011380	803200
0.011277	0.0000011377	804800
0.011244	0.0000011386	806400
0.011222	0.0000011387	808000
0.010996	0.0000011392	809600
0.011274	0.0000011381	811200
0.011334	0.0000011382	812800
0.011474	0.0000011392	814400
0.011489	0.0000011392	816000
0.011510	0.0000011387	817600
0.011498	0.0000011409	819200
0.011507	0.0000011406	820800
0.011533	0.0000011398	822400
0.011563	0.0000011378	824000
0.011614	0.0000011381	825600
0.011598	0.0000011366	827200
0.011748	0.0000011368	828800
0.011784	0.0000011365	830400
0.011838	0.0000011366	832000
0.011639	0.0000011373	833600
0.011623	0.0000011382	835200
0.011691	0.0000011382	836800
0.011706	0.0000011385	838400
0.011757	0.0000011399	840000
0.011564	0.0000011387	841600
0.011661	0.0000011387	843200
0.011687	0.0000011373	844800
0.011671	0.0000011380	846400
0.011770	0.0000011366	848000
0.011702	0.0000011358	849600
0.011622	0.0000011355	851200
0.011543	0.0000011368	852800
0.011472	0.0000011371	854400
0.011363	0.0000011372	856000
0.011201	0.0000011376	857600
0.011184	0.0000011374	859200
0.011248	0.0000011373	860800
0.011182	0.0000011380	862400
0.011204	0.0000011380	864000
0.011222	0.0000011368	865600
0.011107	0.0000011373	867200
0.011260	0.0000011385	868800
0.011370	0.0000011388	870400
0.011435	0.0000011394	872000
0.011234	0.0000011385	873600
0.011431	0.0000011397	875200
0.011492	0.0000011404	876800
0.011727	0.0000011402	878400
0.011737	0.0000011399	880000
0.011737	0.0000011391	881600
0.011652	0.0000011395	883200
0.011567	0.0000011384	884800
0.011460	0.0000011380	886400
0.011428	0.0000011378	888000
0.011366	0.0000011355	889600
0.011320	0.0000011363	891200
0.011379	0.0000011365	892800
0.011458	0.0000011354	894400
0.011443	0.0000011358	896000
0.011403	0.0000011367	897600
0.011449	0.0000011361	899200
0.011554	0.0000011366	900800
0.011597	0.0000011376	902400
0.011647	0.0000011392	904000
0.011330	0.0000011401	905600
0.011502	0.0000011396	907200
0.011589	0.0000011387	908800
0.011654	0.0000011395	910400
0.011704	0.0000011387	912000
0.011746	0.0000011375	913600
0.011740	0.0000011379	915200
0.011736	0.0000011368	916800
0.011654	0.0000011369	918400
0.011520	0.0000011373	920000
0.011413	0.0000011365	921600
0.011445	0.0000011354	923200
0.011392	0.0000011363	924800
0.011312	0.0000011375	926400
0.011335	0.0000011370	928000
0.011425	0.0000011365	929600
0.011360	0.0000011369	931200
0.011440	0.0000011375	932800
0.011472	0.0000011384	934400
0.011334	0.0000011391	936000
0.011380	0.0000011409	937600
0.011489	0.0000011414	939200
0.011357	0.0000011409	940800
0.011343	0.0000011416	942400
0.011308	0.0000011418	944000
0.011315	0.0000011424	945600
0.011313	0.0000011416	947200
0.011354	0.0000011424	948800
0.011444	0.0000011443	950400
0.011455	0.0000011441	952000
0.011555	0.0000011448	953600
0.011611	0.0000011453	955200
0.011625	0.0000011456	956800
0.011626	0.0000011465	958400
0.011793	0.0000011460	960000
0.011827	0.0000011446	961600
0.011839	0.0000011434	963200
0.011801	0.0000011434	964800
0.011676	0.0000011419	966400
0.011586	0.0000011421	968000
0.011397	0.0000011421	969600
0.011716	0.0000011419	971200
0.011672	0.0000011411	972800
0.011652	0.0000011390	974400
0.011696	0.0000011397	976000
0.011662	0.0000011385	977600
0.011632	0.0000011385	979200
0.011579	0.0000011383	980800
0.011571	0.0000011377	982400
0.011577	0.0000011351	984000
0.011602	0.0000011329	985600
0.011610	0.0000011344	987200
0.011542	0.0000011327	988800
0.011591	0.0000011335	990400
0.011593	0.0000011346	992000
0.011635	0.0000011352	993600
0.011478	0.0000011343	995200
0.011551	0.0000011348	996800
0.011474	0.0000011352	998400
0.011589	0.0000011351	1000000
