11.045515	0.0000121757	1600
10.674845	0.0000118731	3200
9.968517	0.0000112014	4800
9.100715	0.0000103647	6400
8.238856	0.0000095428	8000
7.355415	0.0000087382	9600
6.556062	0.0000079656	11200
5.809457	0.0000075595	12800
5.130648	0.0000071921	14400
4.497436	0.0000068148	16000
3.953928	0.0000064622	17600
3.470195	0.0000061167	19200
3.037172	0.0000057837	20800
2.698560	0.0000054739	22400
2.383114	0.0000052761	24000
2.118125	0.0000051080	25600
1.874162	0.0000049260	27200
1.654911	0.0000047525	28800
1.492704	0.0000045826	30400
1.345521	0.0000044203	32000
1.218867	0.0000042596	33600
1.096310	0.0000041448	35200
0.998839	0.0000040541	36800
0.907893	0.0000039635	38400
0.820087	0.0000038654	40000
0.745059	0.0000037684	41600
0.678729	0.0000036538	43200
0.628017	0.0000035487	44800
0.572284	0.0000034730	46400
0.524390	0.0000034092	48000
0.489866	0.0000033392	49600
0.458550	0.0000032695	51200
0.428307	0.0000031927	52800
0.395605	0.0000031163	54400
0.376066	0.0000030408	56000
0.354693	0.0000029825	57600
0.334898	0.0000029320	59200
0.316344	0.0000028801	60800
0.297814	0.0000028223	62400
0.285490	0.0000027750	64000
0.277409	0.0000027246	65600
0.264693	0.0000026584	67200
0.252128	0.0000026171	68800
0.240468	0.0000025814	70400
0.231563	0.0000025435	72000
0.223113	0.0000025055	73600
0.215089	0.0000024662	75200
0.208300	0.0000024216	76800
0.201310	0.0000023765	78400
0.195812	0.0000023340	80000
0.189998	0.0000023093	81600
0.185957	0.0000022852	83200
0.179888	0.0000022558	84800
0.175631	0.0000022241	86400
0.171653	0.0000021848	88000
0.167265	0.0000021506	89600
0.162407	0.0000021203	91200
0.158689	0.0000021010	92800
0.155202	0.0000020782	94400
0.151187	0.0000020566	96000
0.147811	0.0000020273	97600
0.144077	0.0000019988	99200
0.141282	0.0000019683	100800
0.137814	0.0000019437	102400
0.135032	0.0000019241	104000
0.131910	0.0000019047	105600
0.129248	0.0000018783	107200
0.126908	0.0000018563	108800
0.124066	0.0000018306	110400
0.121871	0.0000018034	112000
0.119361	0.0000017789	113600
0.117303	0.0000017658	115200
0.115348	0.0000017515	116800
0.113498	0.0000017362	118400
0.111543	0.0000017187	120000
0.109827	0.0000017011	121600
0.107463	0.0000016774	123200
0.105661	0.0000016575	124800
0.104044	0.0000016452	126400
0.102321	0.0000016309	128000
0.100736	0.0000016166	129600
0.099169	0.0000015877	131200
0.097493	0.0000016039	132800
0.095957	0.0000015975	134400
0.094497	0.0000015911	136000
0.093019	0.0000015848	137600
0.091514	0.0000015789	139200
0.090024	0.0000015779	140800
0.088703	0.0000015768	142400
0.087283	0.0000015750	144000
0.085956	0.0000015734	145600
0.084642	0.0000015722	147200
0.083393	0.0000015705	148800
0.082206	0.0000015686	150400
0.081002	0.0000015669	152000
0.079787	0.0000015652	153600
0.078620	0.0000015633	155200
0.077495	0.0000015614	156800
0.076300	0.0000015593	158400
0.075191	0.0000015571	160000
0.074127	0.0000015549	161600
0.073089	0.0000015525	163200
0.071994	0.0000015502	164800
0.071002	0.0000015476	166400
0.069967	0.0000015448	168000
0.068968	0.0000015421	169600
0.068014	0.0000015394	171200
0.067063	0.0000015370	172800
0.066188	0.0000015343	174400
0.065283	0.0000015320	176000
0.064339	0.0000015292	177600
0.063438	0.0000015265	179200
0.062588	0.0000015238	180800
0.061731	0.0000015209	182400
0.060859	0.0000015173	184000
0.060049	0.0000015142	185600
0.059229	0.0000015113	187200
0.058415	0.0000015084	188800
0.057596	0.0000015051	190400
0.056818	0.0000015019	192000
0.056072	0.0000014989	193600
0.055351	0.0000014961	195200
0.054634	0.0000014926	196800
0.053894	0.0000014893	198400
0.053212	0.0000014857	200000
0.051273	0.0000014800	201600
0.049639	0.0000014760	203200
0.048183	0.0000014725	204800
0.047045	0.0000014695	206400
0.046122	0.0000014657	208000
0.045349	0.0000014628	209600
0.044712	0.0000014490	211200
0.044080	0.0000014578	212800
0.043495	0.0000014559	214400
0.042981	0.0000014538	216000
0.042466	0.0000014522	217600
0.041982	0.0000014509	219200
0.041453	0.0000014501	220800
0.040965	0.0000014491	222400
0.040448	0.0000014479	224000
0.039983	0.0000014471	225600
0.039537	0.0000014464	227200
0.039105	0.0000014457	228800
0.038686	0.0000014454	230400
0.038215	0.0000014448	232000
0.037775	0.0000014442	233600
0.037379	0.0000014437	235200
0.036999	0.0000014429	236800
0.036612	0.0000014426	238400
0.036220	0.0000014419	240000
0.035803	0.0000014412	241600
0.035400	0.0000014406	243200
0.035044	0.0000014402	244800
0.034676	0.0000014397	246400
0.034363	0.0000014394	248000
0.034037	0.0000014390	249600
0.033707	0.0000014384	251200
0.033370	0.0000014381	252800
0.033026	0.0000014377	254400
0.032670	0.0000014372	256000
0.032321	0.0000014367	257600
0.031996	0.0000014366	259200
0.031697	0.0000014364	260800
0.031363	0.0000014361	262400
0.031047	0.0000014358	264000
0.030714	0.0000014355	265600
0.030418	0.0000014356	267200
0.030101	0.0000014353	268800
0.029782	0.0000014351	270400
0.029472	0.0000014348	272000
0.029174	0.0000014340	273600
0.028855	0.0000014336	275200
0.028554	0.0000014335	276800
0.028252	0.0000014331	278400
0.027962	0.0000014325	280000
0.027702	0.0000014320	281600
0.027419	0.0000014315	283200
0.027134	0.0000014312	284800
0.026827	0.0000014311	286400
0.026540	0.0000014311	288000
0.026262	0.0000014306	289600
0.026003	0.0000014289	291200
0.025742	0.0000014301	292800
0.025462	0.0000014297	294400
0.025196	0.0000014294	296000
0.024942	0.0000014289	297600
0.024683	0.0000014288	299200
0.024404	0.0000014287	300800
0.024151	0.0000014284	302400
0.023897	0.0000014281	304000
0.023658	0.0000014282	305600
0.023416	0.0000014278	307200
0.023167	0.0000014278	308800
0.022930	0.0000014278	310400
0.022689	0.0000014280	312000
0.022459	0.0000014280	313600
0.022249	0.0000014276	315200
0.022027	0.0000014271	316800
0.021787	0.0000014272	318400
0.021563	0.0000014267	320000
0.021340	0.0000014264	321600
0.021127	0.0000014261	323200
0.020908	0.0000014258	324800
0.020690	0.0000014258	326400
0.020469	0.0000014258	328000
0.020255	0.0000014261	329600
0.020034	0.0000014264	331200
0.019824	0.0000014262	332800
0.019618	0.0000014259	334400
0.019430	0.0000014259	336000
0.019232	0.0000014255	337600
0.019042	0.0000014249	339200
0.018876	0.0000014249	340800
0.018672	0.0000014246	342400
0.018493	0.0000014243	344000
0.018310	0.0000014241	345600
0.018117	0.0000014244	347200
0.017933	0.0000014245	348800
0.017745	0.0000014243	350400
0.017560	0.0000014241	352000
0.017387	0.0000014237	353600
0.017210	0.0000014238	355200
0.017054	0.0000014240	356800
0.016887	0.0000014238	358400
0.016721	0.0000014242	360000
0.016563	0.0000014243	361600
0.016393	0.0000014241	363200
0.016222	0.0000014244	364800
0.016056	0.0000014246	366400
0.015895	0.0000014245	368000
0.015735	0.0000014245	369600
0.015594	0.0000014246	371200
0.015430	0.0000014238	372800
0.015262	0.0000014236	374400
0.015110	0.0000014234	376000
0.014956	0.0000014233	377600
0.014812	0.0000014231	379200
0.014653	0.0000014231	380800
0.014506	0.0000014225	382400
0.014358	0.0000014222	384000
0.014228	0.0000014225	385600
0.014089	0.0000014226	387200
0.013943	0.0000014225	388800
0.013806	0.0000014228	390400
0.013664	0.0000014224	392000
0.013522	0.0000014218	393600
0.013380	0.0000014219	395200
0.013243	0.0000014215	396800
0.013105	0.0000014212	398400
0.012981	0.0000014216	400000
0.012849	0.0000014211	401600
0.012718	0.0000014209	403200
0.012593	0.0000014206	404800
0.012464	0.0000014205	406400
0.012337	0.0000014206	408000
0.012218	0.0000014206	409600
0.012091	0.0000014202	411200
0.011968	0.0000014203	412800
0.011859	0.0000014206	414400
0.011748	0.0000014204	416000
0.011628	0.0000014199	417600
0.011504	0.0000014194	419200
0.011398	0.0000014196	420800
0.011290	0.0000014200	422400
0.011169	0.0000014198	424000
0.011062	0.0000014200	425600
0.010956	0.0000014196	427200
0.010842	0.0000014198	428800
0.010732	0.0000014197	430400
0.010628	0.0000014198	432000
0.010526	0.0000014196	433600
0.010425	0.0000014198	435200
0.010330	0.0000014197	436800
0.010226	0.0000014193	438400
0.010116	0.0000014192	440000
0.010019	0.0000014192	441600
0.009908	0.0000014195	443200
0.009811	0.0000014197	444800
0.009712	0.0000014201	446400
0.009610	0.0000014199	448000
0.009515	0.0000014201	449600
0.009413	0.0000014095	451200
0.009323	0.0000014197	452800
0.009228	0.0000014200	454400
0.009129	0.0000014202	456000
0.009035	0.0000014197	457600
0.008948	0.0000014195	459200
0.008859	0.0000014193	460800
0.008769	0.0000014197	462400
0.008678	0.0000014194	464000
0.008585	0.0000014198	465600
0.008507	0.0000014199	467200
0.008423	0.0000014196	468800
0.008331	0.0000014193	470400
0.008255	0.0000014193	472000
0.008173	0.0000014194	473600
0.008094	0.0000014196	475200
0.008010	0.0000014198	476800
0.007934	0.0000014200	478400
0.007857	0.0000014196	480000
0.007784	0.0000014194	481600
0.007706	0.0000014196	483200
0.007629	0.0000014192	484800
0.007553	0.0000014195	486400
0.007480	0.0000014191	488000
0.007409	0.0000014196	489600
0.007341	0.0000014195	491200
0.007260	0.0000014193	492800
0.007183	0.0000014196	494400
0.007110	0.0000014196	496000
0.007034	0.0000014193	497600
0.006964	0.0000014193	499200
0.006800	0.0000014195	500800
0.007163	0.0000014197	502400
0.007140	0.0000014197	504000
0.007208	0.0000014193	505600
0.007212	0.0000014190	507200
0.007382	0.0000014191	508800
0.007451	0.0000014190	510400
0.007319	0.0000014188	512000
0.007323	0.0000014186	513600
0.007323	0.0000014188	515200
0.007386	0.0000014187	516800
0.007272	0.0000014187	518400
0.007168	0.0000014186	520000
0.007241	0.0000014185	521600
0.007406	0.0000014181	523200
0.007410	0.0000014174	524800
0.007399	0.0000014172	526400
0.007450	0.0000014173	528000
0.007579	0.0000014171	529600
0.007518	0.0000014161	531200
0.007611	0.0000014173	532800
0.007751	0.0000014175	534400
0.007909	0.0000014172	536000
0.007861	0.0000014172	537600
0.007819	0.0000014170	539200
0.007860	0.0000014171	540800
0.007806	0.0000014170	542400
0.007802	0.0000014172	544000
0.007803	0.0000014172	545600
0.007925	0.0000014170	547200
0.007765	0.0000014167	548800
0.008011	0.0000014168	550400
0.007853	0.0000014166	552000
0.007848	0.0000014167	553600
0.007885	0.0000014164	555200
0.007858	0.0000014164	556800
0.007792	0.0000014163	558400
0.007607	0.0000014162	560000
0.007509	0.0000014164	561600
0.007527	0.0000014166	563200
0.007434	0.0000014164	564800
0.007629	0.0000014164	566400
0.007689	0.0000014164	568000
0.007702	0.0000014161	569600
0.007721	0.0000014158	571200
0.007654	0.0000014159	572800
0.007650	0.0000014156	574400
0.007684	0.0000014151	576000
0.007617	0.0000014155	577600
0.007572	0.0000014155	579200
0.007695	0.0000014153	580800
0.007593	0.0000014154	582400
0.007510	0.0000014154	584000
0.007457	0.0000014156	585600
0.007541	0.0000014156	587200
0.007495	0.0000014152	588800
0.007434	0.0000014151	590400
0.007552	0.0000014150	592000
0.007641	0.0000014144	593600
0.007715	0.0000014140	595200
0.007346	0.0000014139	596800
0.007930	0.0000014137	598400
0.007865	0.0000014141	600000
0.007834	0.0000014142	601600
0.007834	0.0000014142	603200
0.007811	0.0000014140	604800
0.007912	0.0000014140	606400
0.007894	0.0000014142	608000
0.007839	0.0000014141	609600
0.007869	0.0000014001	611200
0.007742	0.0000014145	612800
0.007824	0.0000014145	614400
0.007910	0.0000014145	616000
0.008050	0.0000014145	617600
0.008272	0.0000014144	619200
0.008217	0.0000014144	620800
0.008366	0.0000014146	622400
0.008405	0.0000014149	624000
0.008374	0.0000014149	625600
0.008300	0.0000014150	627200
0.008296	0.0000014151	628800
0.008252	0.0000014150	630400
0.008188	0.0000014149	632000
0.008097	0.0000014151	633600
0.008087	0.0000014149	635200
0.008000	0.0000014145	636800
0.007941	0.0000014148	638400
0.008038	0.0000014150	640000
0.008034	0.0000014146	641600
0.008097	0.0000014148	643200
0.006785	0.0000014152	644800
0.008177	0.0000014159	646400
0.008230	0.0000014157	648000
0.008355	0.0000014159	649600
0.008450	0.0000014159	651200
0.008308	0.0000014159	652800
0.008245	0.0000014158	654400
0.008382	0.0000014157	656000
0.008338	0.0000014156	657600
0.008269	0.0000014154	659200
0.008364	0.0000014155	660800
0.008301	0.0000014150	662400
0.008282	0.0000014148	664000
0.008101	0.0000014146	665600
0.008006	0.0000014140	667200
0.007949	0.0000014139	668800
0.007881	0.0000014141	670400
0.007912	0.0000014144	672000
0.007984	0.0000014146	673600
0.008059	0.0000014145	675200
0.008110	0.0000014148	676800
0.008208	0.0000014156	678400
0.008102	0.0000014157	680000
0.008101	0.0000014156	681600
0.008102	0.0000014155	683200
0.008059	0.0000014152	684800
0.008047	0.0000014153	686400
0.008033	0.0000014151	688000
0.007964	0.0000014149	689600
0.007836	0.0000014077	691200
0.006377	0.0000014150	692800
0.007827	0.0000014148	694400
0.007796	0.0000014148	696000
0.007815	0.0000014148	697600
0.007780	0.0000014147	699200
0.007744	0.0000014147	700800
0.007735	0.0000014146	702400
0.007737	0.0000014145	704000
0.007750	0.0000014146	705600
0.007510	0.0000014142	707200
0.007484	0.0000014140	708800
0.007442	0.0000014137	710400
0.007513	0.0000014135	712000
0.007499	0.0000014137	713600
0.007493	0.0000014139	715200
0.007303	0.0000014141	716800
0.007412	0.0000014139	718400
0.007365	0.0000014137	720000
0.007291	0.0000014139	721600
0.007361	0.0000014144	723200
0.007192	0.0000014143	724800
0.007149	0.0000014141	726400
0.007057	0.0000014144	728000
0.006960	0.0000014141	729600
0.007003	0.0000014141	731200
0.006956	0.0000014143	732800
0.006991	0.0000014147	734400
0.007039	0.0000014146	736000
0.007032	0.0000014145	737600
0.007035	0.0000014140	739200
0.006390	0.0000014140	740800
0.007048	0.0000014146	742400
0.007196	0.0000014149	744000
0.007291	0.0000014145	745600
0.007244	0.0000014147	747200
0.007236	0.0000014147	748800
0.007249	0.0000014145	750400
0.007252	0.0000014147	752000
0.007302	0.0000014150	753600
0.007285	0.0000014147	755200
0.007209	0.0000014147	756800
0.007353	0.0000014149	758400
0.007363	0.0000014154	760000
0.007273	0.0000014151	761600
0.007270	0.0000014149	763200
0.007262	0.0000014152	764800
0.007200	0.0000014151	766400
0.007106	0.0000014152	768000
0.007144	0.0000014156	769600
0.007131	0.0000014093	771200
0.007274	0.0000014157	772800
0.007205	0.0000014157	774400
0.007212	0.0000014159	776000
0.007171	0.0000014159	777600
0.007183	0.0000014162	779200
0.007159	0.0000014162	780800
0.007165	0.0000014162	782400
0.007115	0.0000014161	784000
0.007035	0.0000014161	785600
0.007025	0.0000014158	787200
0.005977	0.0000014154	788800
0.006841	0.0000014157	790400
0.006954	0.0000014160	792000
0.007052	0.0000014156	793600
0.007095	0.0000014155	795200
0.006980	0.0000014154	796800
0.007077	0.0000014150	798400
0.007093	0.0000014151	800000
0.007126	0.0000014153	801600
0.007129	0.0000014153	803200
0.007121	0.0000014151	804800
0.007127	0.0000014151	806400
0.007080	0.0000014151	808000
0.007207	0.0000014144	809600
0.007326	0.0000014143	811200
0.007336	0.0000014142	812800
0.007183	0.0000014140	814400
0.007184	0.0000014140	816000
0.007161	0.0000014137	817600
0.007052	0.0000014136	819200
0.006968	0.0000014134	820800
0.007093	0.0000014133	822400
0.007201	0.0000014134	824000
0.007187	0.0000014134	825600
0.007234	0.0000014137	827200
0.007246	0.0000014133	828800
0.007134	0.0000014133	830400
0.007182	0.0000014126	832000
0.007159	0.0000014127	833600
0.007139	0.0000014129	835200
0.006555	0.0000014125	836800
0.007164	0.0000014124	838400
0.007161	0.0000014125	840000
0.007252	0.0000014126	841600
0.007251	0.0000014125	843200
0.007081	0.0000014123	844800
0.007139	0.0000014119	846400
0.007141	0.0000014119	848000
0.006978	0.0000014125	849600
0.006823	0.0000013995	851200
0.006803	0.0000014124	852800
0.006796	0.0000014127	854400
0.006823	0.0000014127	856000
0.006849	0.0000014129	857600
0.006837	0.0000014130	859200
0.006783	0.0000014128	860800
0.006804	0.0000014126	862400
0.006809	0.0000014130	864000
0.006800	0.0000014133	865600
0.006844	0.0000014134	867200
0.006760	0.0000014134	868800
0.006699	0.0000014132	870400
0.006595	0.0000014133	872000
0.006582	0.0000014133	873600
0.006573	0.0000014130	875200
0.006463	0.0000014136	876800
0.006382	0.0000014135	878400
0.006384	0.0000014136	880000
0.006421	0.0000014135	881600
0.006449	0.0000014134	883200
0.006481	0.0000014135	884800
0.006626	0.0000014135	886400
0.006707	0.0000014132	888000
0.006636	0.0000014130	889600
0.006769	0.0000014129	891200
0.006874	0.0000014128	892800
0.006934	0.0000014128	894400
0.006881	0.0000014128	896000
0.006949	0.0000014124	897600
0.006954	0.0000014121	899200
0.007017	0.0000014124	900800
0.006974	0.0000014125	902400
0.006937	0.0000014123	904000
0.006958	0.0000014122	905600
0.006975	0.0000014122	907200
0.007124	0.0000014122	908800
0.007000	0.0000014124	910400
0.006954	0.0000014123	912000
0.006944	0.0000014124	913600
0.006859	0.0000014125	915200
0.006779	0.0000014125	916800
0.006752	0.0000014124	918400
0.006731	0.0000014124	920000
0.006562	0.0000014127	921600
0.006492	0.0000014124	923200
0.006513	0.0000014126	924800
0.006411	0.0000014125	926400
0.006499	0.0000014125	928000
0.006515	0.0000014121	929600
0.006570	0.0000014050	931200
0.005260	0.0000014113	932800
0.006602	0.0000014112	934400
0.006590	0.0000014113	936000
0.006590	0.0000014117	937600
0.006699	0.0000014120	939200
0.006712	0.0000014123	940800
0.006762	0.0000014125	942400
0.006663	0.0000014126	944000
0.006655	0.0000014124	945600
0.006711	0.0000014124	947200
0.006639	0.0000014121	948800
0.006613	0.0000014124	950400
0.006651	0.0000014128	952000
0.006624	0.0000014128	953600
0.006600	0.0000014130	955200
0.006761	0.0000014127	956800
0.006848	0.0000014127	958400
0.006828	0.0000014122	960000
0.006835	0.0000014125	961600
0.006844	0.0000014123	963200
0.006773	0.0000014124	964800
0.006724	0.0000014125	966400
0.006739	0.0000014125	968000
0.006812	0.0000014122	969600
0.006830	0.0000014126	971200
0.006878	0.0000014124	972800
0.006840	0.0000014126	974400
0.006965	0.0000014128	976000
0.007055	0.0000014127	977600
0.006955	0.0000014128	979200
0.006348	0.0000014129	980800
0.006972	0.0000014131	982400
0.006951	0.0000014134	984000
0.007038	0.0000014133	985600
0.006922	0.0000014133	987200
0.006839	0.0000014125	988800
0.006808	0.0000014127	990400
0.006777	0.0000014130	992000
0.006709	0.0000014131	993600
0.006584	0.0000014133	995200
0.006590	0.0000014129	996800
0.006656	0.0000014131	998400
0.006652	0.0000014131	1000000
