9.405773	0.0000018930	1600
9.249122	0.0000018723	3200
9.095208	0.0000018506	4800
8.940933	0.0000018283	6400
8.772944	0.0000018039	8000
8.611620	0.0000017801	9600
8.438218	0.0000017541	11200
8.251454	0.0000017257	12800
8.059244	0.0000016957	14400
7.866029	0.0000016658	16000
7.679390	0.0000016367	17600
7.501429	0.0000016085	19200
7.314890	0.0000015786	20800
7.127573	0.0000015483	22400
6.939744	0.0000015176	24000
6.753723	0.0000014871	25600
6.572572	0.0000014568	27200
6.396632	0.0000014269	28800
6.225468	0.0000013978	30400
6.060969	0.0000013697	32000
5.896905	0.0000013414	33600
5.735932	0.0000013135	35200
5.579074	0.0000012861	36800
5.425443	0.0000012593	38400
5.268374	0.0000012320	40000
5.125487	0.0000012062	41600
4.982060	0.0000011806	43200
4.845279	0.0000011558	44800
4.709043	0.0000011313	46400
4.575068	0.0000011067	48000
4.450536	0.0000010832	49600
4.326543	0.0000010602	51200
4.204762	0.0000010372	52800
4.091010	0.0000010157	54400
3.978581	0.0000009944	56000
3.866520	0.0000009729	57600
3.760429	0.0000009525	59200
3.653830	0.0000009323	60800
3.550909	0.0000009124	62400
3.453547	0.0000008932	64000
3.361195	0.0000008748	65600
3.267039	0.0000008559	67200
3.178964	0.0000008378	68800
3.089868	0.0000008199	70400
3.004745	0.0000008025	72000
2.926448	0.0000007923	73600
2.851264	0.0000007869	75200
2.772453	0.0000007803	76800
2.699000	0.0000007742	78400
2.630472	0.0000007686	80000
2.563908	0.0000007629	81600
2.495632	0.0000007564	83200
2.431670	0.0000007502	84800
2.367661	0.0000007439	86400
2.305522	0.0000007375	88000
2.246465	0.0000007313	89600
2.188281	0.0000007248	91200
2.130565	0.0000007183	92800
2.075708	0.0000007121	94400
2.021081	0.0000007053	96000
1.970420	0.0000006989	97600
1.921053	0.0000006926	99200
1.874354	0.0000006895	100800
1.827467	0.0000006863	102400
1.781026	0.0000006831	104000
1.737863	0.0000006799	105600
1.695964	0.0000006756	107200
1.655480	0.0000006705	108800
1.629058	0.0000006663	110400
1.607438	0.0000006629	112000
1.573351	0.0000006579	113600
1.533095	0.0000006519	115200
1.495420	0.0000006464	116800
1.474245	0.0000006430	118400
1.451683	0.0000006392	120000
1.430318	0.0000006356	121600
1.404895	0.0000006309	123200
1.380389	0.0000006265	124800
1.361207	0.0000006226	126400
1.342814	0.0000006187	128000
1.321354	0.0000006145	129600
1.300007	0.0000006104	131200
1.279584	0.0000006062	132800
1.260177	0.0000006021	134400
1.243390	0.0000005985	136000
1.223433	0.0000005945	137600
1.202458	0.0000005900	139200
1.181363	0.0000005858	140800
1.165228	0.0000005822	142400
1.147955	0.0000005785	144000
1.133021	0.0000005754	145600
1.117039	0.0000005736	147200
1.101532	0.0000005719	148800
1.085700	0.0000005703	150400
1.070299	0.0000005686	152000
1.055483	0.0000005668	153600
1.039326	0.0000005648	155200
1.025093	0.0000005630	156800
1.011528	0.0000005609	158400
1.000801	0.0000005594	160000
0.987787	0.0000005575	161600
0.975912	0.0000005558	163200
0.964044	0.0000005540	164800
0.954251	0.0000005524	166400
0.943590	0.0000005507	168000
0.931958	0.0000005491	169600
0.922391	0.0000005476	171200
0.913549	0.0000005459	172800
0.902946	0.0000005442	174400
0.893385	0.0000005424	176000
0.885428	0.0000005408	177600
0.876458	0.0000005390	179200
0.868337	0.0000005372	180800
0.860510	0.0000005357	182400
0.852760	0.0000005341	184000
0.844326	0.0000005324	185600
0.837421	0.0000005307	187200
0.831155	0.0000005292	188800
0.824500	0.0000005275	190400
0.816692	0.0000005259	192000
0.810129	0.0000005243	193600
0.803558	0.0000005226	195200
0.797449	0.0000005210	196800
0.791122	0.0000005193	198400
0.785370	0.0000005177	200000
0.776601	0.0000005142	201600
0.768909	0.0000005112	203200
0.762266	0.0000005086	204800
0.755604	0.0000005063	206400
0.749038	0.0000005037	208000
0.743789	0.0000005014	209600
0.739420	0.0000004992	211200
0.735143	0.0000004973	212800
0.731134	0.0000004955	214400
0.726903	0.0000004939	216000
0.722425	0.0000004923	217600
0.718378	0.0000004909	219200
0.716482	0.0000004899	220800
0.714229	0.0000004889	222400
0.711222	0.0000004879	224000
0.708878	0.0000004871	225600
0.707334	0.0000004862	227200
0.705877	0.0000004855	228800
0.704068	0.0000004849	230400
0.702664	0.0000004843	232000
0.702427	0.0000004838	233600
0.701668	0.0000004834	235200
0.701396	0.0000004830	236800
0.700514	0.0000004826	238400
0.699296	0.0000004823	240000
0.698143	0.0000004821	241600
0.696394	0.0000004817	243200
0.694953	0.0000004813	244800
0.694074	0.0000004809	246400
0.693284	0.0000004807	248000
0.693089	0.0000004804	249600
0.693079	0.0000004802	251200
0.692642	0.0000004800	252800
0.692113	0.0000004798	254400
0.691260	0.0000004795	256000
0.690198	0.0000004791	257600
0.690073	0.0000004789	259200
0.688931	0.0000004786	260800
0.688944	0.0000004786	262400
0.688405	0.0000004785	264000
0.687777	0.0000004783	265600
0.687126	0.0000004783	267200
0.687509	0.0000004782	268800
0.686189	0.0000004780	270400
0.685405	0.0000004779	272000
0.685272	0.0000004777	273600
0.685247	0.0000004777	275200
0.683738	0.0000004773	276800
0.683037	0.0000004771	278400
0.682139	0.0000004767	280000
0.682129	0.0000004765	281600
0.681499	0.0000004766	283200
0.681130	0.0000004765	284800
0.680202	0.0000004761	286400
0.680665	0.0000004761	288000
0.680793	0.0000004759	289600
0.680725	0.0000004758	291200
0.679912	0.0000004755	292800
0.679376	0.0000004755	294400
0.680084	0.0000004756	296000
0.680495	0.0000004754	297600
0.681232	0.0000004753	299200
0.680740	0.0000004751	300800
0.680301	0.0000004752	302400
0.679382	0.0000004751	304000
0.679133	0.0000004751	305600
0.678189	0.0000004748	307200
0.676795	0.0000004746	308800
0.676007	0.0000004745	310400
0.675411	0.0000004745	312000
0.675046	0.0000004746	313600
0.675127	0.0000004745	315200
0.675220	0.0000004744	316800
0.675491	0.0000004744	318400
0.675763	0.0000004743	320000
0.675023	0.0000004741	321600
0.674248	0.0000004739	323200
0.674252	0.0000004739	324800
0.673980	0.0000004737	326400
0.673720	0.0000004737	328000
0.673644	0.0000004738	329600
0.674478	0.0000004739	331200
0.675945	0.0000004738	332800
0.676486	0.0000004740	334400
0.676047	0.0000004739	336000
0.676193	0.0000004739	337600
0.676397	0.0000004740	339200
0.676241	0.0000004739	340800
0.676150	0.0000004741	342400
0.677269	0.0000004742	344000
0.677329	0.0000004743	345600
0.677300	0.0000004741	347200
0.676837	0.0000004743	348800
0.677375	0.0000004745	350400
0.676933	0.0000004746	352000
0.677500	0.0000004745	353600
0.678046	0.0000004745	355200
0.678787	0.0000004746	356800
0.679197	0.0000004746	358400
0.679371	0.0000004746	360000
0.679180	0.0000004745	361600
0.679714	0.0000004746	363200
0.679924	0.0000004746	364800
0.679534	0.0000004746	366400
0.679086	0.0000004746	368000
0.678726	0.0000004748	369600
0.679312	0.0000004748	371200
0.679038	0.0000004748	372800
0.679183	0.0000004748	374400
0.679749	0.0000004748	376000
0.680550	0.0000004749	377600
0.680573	0.0000004751	379200
0.681011	0.0000004751	380800
0.681302	0.0000004754	382400
0.681205	0.0000004753	384000
0.681666	0.0000004753	385600
0.681534	0.0000004750	387200
0.681738	0.0000004750	388800
0.681331	0.0000004751	390400
0.681434	0.0000004753	392000
0.681756	0.0000004753	393600
0.682149	0.0000004756	395200
0.681747	0.0000004756	396800
0.682066	0.0000004757	398400
0.682045	0.0000004757	400000
0.682317	0.0000004756	401600
0.683151	0.0000004756	403200
0.682598	0.0000004758	404800
0.682839	0.0000004760	406400
0.684158	0.0000004761	408000
0.684424	0.0000004762	409600
0.684793	0.0000004764	411200
0.684200	0.0000004764	412800
0.683911	0.0000004764	414400
0.685247	0.0000004765	416000
0.685851	0.0000004767	417600
0.686292	0.0000004768	419200
0.685737	0.0000004768	420800
0.685584	0.0000004768	422400
0.686036	0.0000004767	424000
0.686167	0.0000004767	425600
0.687139	0.0000004768	427200
0.687946	0.0000004768	428800
0.688169	0.0000004768	430400
0.687335	0.0000004768	432000
0.687516	0.0000004771	433600
0.686428	0.0000004769	435200
0.686351	0.0000004771	436800
0.686226	0.0000004771	438400
0.685944	0.0000004771	440000
0.686449	0.0000004772	441600
0.685714	0.0000004773	443200
0.685812	0.0000004774	444800
0.686547	0.0000004774	446400
0.687287	0.0000004776	448000
0.688777	0.0000004777	449600
0.687254	0.0000004775	451200
0.687503	0.0000004776	452800
0.686519	0.0000004776	454400
0.687142	0.0000004778	456000
0.686890	0.0000004777	457600
0.687253	0.0000004777	459200
0.686888	0.0000004775	460800
0.687889	0.0000004778	462400
0.687438	0.0000004777	464000
0.687765	0.0000004780	465600
0.687301	0.0000004779	467200
0.687410	0.0000004779	468800
0.688997	0.0000004780	470400
0.688727	0.0000004781	472000
0.689148	0.0000004782	473600
0.688339	0.0000004779	475200
0.688724	0.0000004780	476800
0.689152	0.0000004782	478400
0.689412	0.0000004783	480000
0.688610	0.0000004784	481600
0.688862	0.0000004785	483200
0.689542	0.0000004787	484800
0.690967	0.0000004787	486400
0.691536	0.0000004787	488000
0.692064	0.0000004787	489600
0.691728	0.0000004787	491200
0.690821	0.0000004785	492800
0.690624	0.0000004787	494400
0.692488	0.0000004790	496000
0.692031	0.0000004790	497600
0.691702	0.0000004790	499200
0.690957	0.0000004788	500800
0.691086	0.0000004789	502400
0.690290	0.0000004789	504000
0.689925	0.0000004789	505600
0.688880	0.0000004788	507200
0.689467	0.0000004788	508800
0.689890	0.0000004787	510400
0.690061	0.0000004787	512000
0.689904	0.0000004788	513600
0.688849	0.0000004785	515200
0.688415	0.0000004783	516800
0.688599	0.0000004785	518400
0.690048	0.0000004788	520000
0.689852	0.0000004789	521600
0.689520	0.0000004788	523200
0.689552	0.0000004788	524800
0.688903	0.0000004787	526400
0.689052	0.0000004786	528000
0.689190	0.0000004787	529600
0.688967	0.0000004785	531200
0.689883	0.0000004784	532800
0.690585	0.0000004783	534400
0.690794	0.0000004783	536000
0.690925	0.0000004782	537600
0.691048	0.0000004782	539200
0.691198	0.0000004783	540800
0.690564	0.0000004783	542400
0.691075	0.0000004784	544000
0.692029	0.0000004785	545600
0.691575	0.0000004786	547200
0.691853	0.0000004787	548800
0.690949	0.0000004787	550400
0.690508	0.0000004788	552000
0.690680	0.0000004788	553600
0.690749	0.0000004787	555200
0.690462	0.0000004785	556800
0.689695	0.0000004784	558400
0.690482	0.0000004785	560000
0.691036	0.0000004785	561600
0.691179	0.0000004785	563200
0.690264	0.0000004784	564800
0.689689	0.0000004783	566400
0.691079	0.0000004784	568000
0.690024	0.0000004783	569600
0.689516	0.0000004785	571200
0.689220	0.0000004785	572800
0.689289	0.0000004784	574400
0.689993	0.0000004784	576000
0.690191	0.0000004784	577600
0.689855	0.0000004784	579200
0.690654	0.0000004784	580800
0.691049	0.0000004784	582400
0.691623	0.0000004785	584000
0.692608	0.0000004785	585600
0.692711	0.0000004783	587200
0.691965	0.0000004782	588800
0.691084	0.0000004783	590400
0.691481	0.0000004783	592000
0.691875	0.0000004782	593600
0.691888	0.0000004785	595200
0.691982	0.0000004786	596800
0.691115	0.0000004787	598400
0.689844	0.0000004785	600000
0.690557	0.0000004787	601600
0.690767	0.0000004787	603200
0.690732	0.0000004788	604800
0.690817	0.0000004788	606400
0.690568	0.0000004787	608000
0.690486	0.0000004786	609600
0.690324	0.0000004786	611200
0.690511	0.0000004786	612800
0.690116	0.0000004785	614400
0.689778	0.0000004786	616000
0.689535	0.0000004785	617600
0.689007	0.0000004782	619200
0.689135	0.0000004783	620800
0.688530	0.0000004782	622400
0.687580	0.0000004781	624000
0.688009	0.0000004781	625600
0.688626	0.0000004782	627200
0.688167	0.0000004779	628800
0.688697	0.0000004777	630400
0.688625	0.0000004779	632000
0.687766	0.0000004777	633600
0.687216	0.0000004778	635200
0.686380	0.0000004777	636800
0.687141	0.0000004774	638400
0.687060	0.0000004774	640000
0.687473	0.0000004774	641600
0.687330	0.0000004773	643200
0.686670	0.0000004772	644800
0.686369	0.0000004772	646400
0.686094	0.0000004772	648000
0.686572	0.0000004773	649600
0.685930	0.0000004773	651200
0.686268	0.0000004772	652800
0.686428	0.0000004772	654400
0.686191	0.0000004771	656000
0.685640	0.0000004771	657600
0.686051	0.0000004771	659200
0.685602	0.0000004770	660800
0.685703	0.0000004770	662400
0.685939	0.0000004768	664000
0.685788	0.0000004767	665600
0.687154	0.0000004768	667200
0.687093	0.0000004769	668800
0.686331	0.0000004769	670400
0.688487	0.0000004770	672000
0.689539	0.0000004771	673600
0.687946	0.0000004769	675200
0.688368	0.0000004771	676800
0.688432	0.0000004770	678400
0.687641	0.0000004769	680000
0.687928	0.0000004772	681600
0.687697	0.0000004770	683200
0.687888	0.0000004772	684800
0.687948	0.0000004771	686400
0.689493	0.0000004774	688000
0.688961	0.0000004775	689600
0.689223	0.0000004775	691200
0.688425	0.0000004775	692800
0.688266	0.0000004775	694400
0.689373	0.0000004774	696000
0.688564	0.0000004773	697600
0.688069	0.0000004774	699200
0.686397	0.0000004772	700800
0.685893	0.0000004773	702400
0.685562	0.0000004775	704000
0.685629	0.0000004777	705600
0.685688	0.0000004778	707200
0.685544	0.0000004778	708800
0.685909	0.0000004779	710400
0.686114	0.0000004781	712000
0.684843	0.0000004780	713600
0.684210	0.0000004780	715200
0.684459	0.0000004781	716800
0.685461	0.0000004782	718400
0.685032	0.0000004781	720000
0.685392	0.0000004783	721600
0.685772	0.0000004783	723200
0.685166	0.0000004782	724800
0.685468	0.0000004782	726400
0.686013	0.0000004782	728000
0.685464	0.0000004781	729600
0.685621	0.0000004781	731200
0.685289	0.0000004782	732800
0.686364	0.0000004781	734400
0.685860	0.0000004780	736000
0.686191	0.0000004778	737600
0.686347	0.0000004779	739200
0.686694	0.0000004777	740800
0.686482	0.0000004778	742400
0.686971	0.0000004778	744000
0.687705	0.0000004779	745600
0.688169	0.0000004779	747200
0.688440	0.0000004779	748800
0.688771	0.0000004779	750400
0.688770	0.0000004780	752000
0.688435	0.0000004780	753600
0.687348	0.0000004778	755200
0.688045	0.0000004778	756800
0.687275	0.0000004776	758400
0.686114	0.0000004775	760000
0.686077	0.0000004774	761600
0.686674	0.0000004775	763200
0.686889	0.0000004777	764800
0.686549	0.0000004774	766400
0.686091	0.0000004773	768000
0.686345	0.0000004775	769600
0.686150	0.0000004773	771200
0.686011	0.0000004773	772800
0.686192	0.0000004775	774400
0.686076	0.0000004774	776000
0.686232	0.0000004773	777600
0.685855	0.0000004775	779200
0.685754	0.0000004776	780800
0.685317	0.0000004775	782400
0.684440	0.0000004773	784000
0.683893	0.0000004771	785600
0.683236	0.0000004769	787200
0.682716	0.0000004768	788800
0.683175	0.0000004767	790400
0.682279	0.0000004768	792000
0.683597	0.0000004770	793600
0.683754	0.0000004771	795200
0.683145	0.0000004771	796800
0.682284	0.0000004769	798400
0.682588	0.0000004771	800000
0.683221	0.0000004772	801600
0.683552	0.0000004772	803200
0.684191	0.0000004773	804800
0.684706	0.0000004776	806400
0.685450	0.0000004776	808000
0.684185	0.0000004776	809600
0.684905	0.0000004778	811200
0.684909	0.0000004777	812800
0.685461	0.0000004779	814400
0.685411	0.0000004778	816000
0.685481	0.0000004778	817600
0.684481	0.0000004776	819200
0.685023	0.0000004776	820800
0.685065	0.0000004776	822400
0.684234	0.0000004777	824000
0.683929	0.0000004774	825600
0.683753	0.0000004772	827200
0.684233	0.0000004773	828800
0.683057	0.0000004772	830400
0.681999	0.0000004770	832000
0.681441	0.0000004770	833600
0.680845	0.0000004770	835200
0.680447	0.0000004769	836800
0.680182	0.0000004770	838400
0.680416	0.0000004770	840000
0.680300	0.0000004769	841600
0.680831	0.0000004768	843200
0.680495	0.0000004767	844800
0.680487	0.0000004768	846400
0.681585	0.0000004768	848000
0.682441	0.0000004767	849600
0.682426	0.0000004768	851200
0.681751	0.0000004766	852800
0.682236	0.0000004767	854400
0.682365	0.0000004766	856000
0.683117	0.0000004767	857600
0.683099	0.0000004766	859200
0.682741	0.0000004764	860800
0.682261	0.0000004766	862400
0.682300	0.0000004765	864000
0.683889	0.0000004767	865600
0.683483	0.0000004766	867200
0.683685	0.0000004767	868800
0.684871	0.0000004768	870400
0.685572	0.0000004770	872000
0.686098	0.0000004768	873600
0.685317	0.0000004769	875200
0.685965	0.0000004769	876800
0.685938	0.0000004768	878400
0.685869	0.0000004769	880000
0.685420	0.0000004769	881600
0.685688	0.0000004770	883200
0.685111	0.0000004771	884800
0.684181	0.0000004770	886400
0.683798	0.0000004771	888000
0.684395	0.0000004771	889600
0.684436	0.0000004770	891200
0.683566	0.0000004768	892800
0.682846	0.0000004767	894400
0.681964	0.0000004766	896000
0.681694	0.0000004767	897600
0.681669	0.0000004766	899200
0.682847	0.0000004766	900800
0.683305	0.0000004766	902400
0.683223	0.0000004765	904000
0.682747	0.0000004764	905600
0.682631	0.0000004765	907200
0.683261	0.0000004766	908800
0.683361	0.0000004765	910400
0.683348	0.0000004761	912000
0.683301	0.0000004760	913600
0.682419	0.0000004760	915200
0.682078	0.0000004761	916800
0.682239	0.0000004761	918400
0.682666	0.0000004763	920000
0.683371	0.0000004766	921600
0.683373	0.0000004766	923200
0.682704	0.0000004765	924800
0.682702	0.0000004766	926400
0.684834	0.0000004766	928000
0.683829	0.0000004766	929600
0.683824	0.0000004768	931200
0.684160	0.0000004768	932800
0.683270	0.0000004766	934400
0.683416	0.0000004765	936000
0.683459	0.0000004764	937600
0.683589	0.0000004763	939200
0.684235	0.0000004763	940800
0.684373	0.0000004761	942400
0.684545	0.0000004761	944000
0.684904	0.0000004762	945600
0.684922	0.0000004764	947200
0.684864	0.0000004764	948800
0.685086	0.0000004764	950400
0.685228	0.0000004764	952000
0.686096	0.0000004762	953600
0.687088	0.0000004762	955200
0.687517	0.0000004762	956800
0.688587	0.0000004762	958400
0.689248	0.0000004762	960000
0.689631	0.0000004762	961600
0.689958	0.0000004762	963200
0.690281	0.0000004763	964800
0.690018	0.0000004764	966400
0.689569	0.0000004764	968000
0.689358	0.0000004763	969600
0.689195	0.0000004764	971200
0.689658	0.0000004763	972800
0.688912	0.0000004762	974400
0.688655	0.0000004763	976000
0.688896	0.0000004763	977600
0.689592	0.0000004765	979200
0.690745	0.0000004766	980800
0.689343	0.0000004764	982400
0.688645	0.0000004765	984000
0.687835	0.0000004765	985600
0.688752	0.0000004765	987200
0.688472	0.0000004766	988800
0.688550	0.0000004766	990400
0.687767	0.0000004766	992000
0.687325	0.0000004767	993600
0.687283	0.0000004766	995200
0.688360	0.0000004767	996800
0.686464	0.0000004765	998400
0.686621	0.0000004766	1000000
