9.419139	0.0000018954	1600
9.228467	0.0000018700	3200
9.054528	0.0000018463	4800
8.876458	0.0000018211	6400
8.667993	0.0000017903	8000
8.466819	0.0000017601	9600
8.247652	0.0000017263	11200
8.007887	0.0000016883	12800
7.766758	0.0000016492	14400
7.528773	0.0000016110	16000
7.302117	0.0000015747	17600
7.087041	0.0000015396	19200
6.869840	0.0000015043	20800
6.651515	0.0000014684	22400
6.438721	0.0000014334	24000
6.224844	0.0000013977	25600
6.024014	0.0000013639	27200
5.831885	0.0000013310	28800
5.645927	0.0000012991	30400
5.470517	0.0000012691	32000
5.292589	0.0000012385	33600
5.120542	0.0000012085	35200
4.955133	0.0000011793	36800
4.792412	0.0000011507	38400
4.629709	0.0000011219	40000
4.482272	0.0000010947	41600
4.330642	0.0000010674	43200
4.188150	0.0000010416	44800
4.052442	0.0000010164	46400
3.919190	0.0000009913	48000
3.790336	0.0000009672	49600
3.668056	0.0000009438	51200
3.547883	0.0000009209	52800
3.435608	0.0000008989	54400
3.326531	0.0000008773	56000
3.218708	0.0000008556	57600
3.116501	0.0000008355	59200
3.015591	0.0000008151	60800
2.918252	0.0000007953	62400
2.824844	0.0000007762	64000
2.739071	0.0000007589	65600
2.646684	0.0000007399	67200
2.564861	0.0000007226	68800
2.481274	0.0000007049	70400
2.400068	0.0000006877	72000
2.324973	0.0000006773	73600
2.253526	0.0000006714	75200
2.178008	0.0000006640	76800
2.108391	0.0000006569	78400
2.041688	0.0000006503	80000
1.980814	0.0000006439	81600
1.920133	0.0000006370	83200
1.860366	0.0000006298	84800
1.801931	0.0000006230	86400
1.745178	0.0000006159	88000
1.692884	0.0000006091	89600
1.641243	0.0000006024	91200
1.586593	0.0000005951	92800
1.537008	0.0000005879	94400
1.490306	0.0000005812	96000
1.444086	0.0000005740	97600
1.401432	0.0000005672	99200
1.359899	0.0000005664	100800
1.318366	0.0000005657	102400
1.279733	0.0000005657	104000
1.242489	0.0000005651	105600
1.203537	0.0000005622	107200
1.168514	0.0000005582	108800
1.156484	0.0000005559	110400
1.152316	0.0000005554	112000
1.126764	0.0000005517	113600
1.087511	0.0000005457	115200
1.054513	0.0000005405	116800
1.045323	0.0000005392	118400
1.037214	0.0000005379	120000
1.030137	0.0000005368	121600
1.014670	0.0000005342	123200
0.997872	0.0000005313	124800
0.989246	0.0000005297	126400
0.983171	0.0000005285	128000
0.970327	0.0000005264	129600
0.958163	0.0000005246	131200
0.948000	0.0000005228	132800
0.938157	0.0000005209	134400
0.932856	0.0000005199	136000
0.921016	0.0000005178	137600
0.906561	0.0000005154	139200
0.892171	0.0000005135	140800
0.885341	0.0000005123	142400
0.877712	0.0000005112	144000
0.872926	0.0000005102	145600
0.864710	0.0000005087	147200
0.858973	0.0000005072	148800
0.849525	0.0000005055	150400
0.839563	0.0000005035	152000
0.832433	0.0000005020	153600
0.823413	0.0000004999	155200
0.816868	0.0000004983	156800
0.811141	0.0000004969	158400
0.806794	0.0000004957	160000
0.800055	0.0000004941	161600
0.794787	0.0000004926	163200
0.789830	0.0000004913	164800
0.786049	0.0000004900	166400
0.782557	0.0000004890	168000
0.779360	0.0000004882	169600
0.775912	0.0000004873	171200
0.773415	0.0000004863	172800
0.770470	0.0000004854	174400
0.767475	0.0000004846	176000
0.765202	0.0000004839	177600
0.762119	0.0000004830	179200
0.760367	0.0000004824	180800
0.758713	0.0000004819	182400
0.756977	0.0000004814	184000
0.754905	0.0000004808	185600
0.753086	0.0000004804	187200
0.751213	0.0000004799	188800
0.749636	0.0000004796	190400
0.748073	0.0000004792	192000
0.746596	0.0000004789	193600
0.745369	0.0000004786	195200
0.744072	0.0000004783	196800
0.742791	0.0000004780	198400
0.741695	0.0000004778	200000
0.739873	0.0000004775	201600
0.737939	0.0000004773	203200
0.736560	0.0000004771	204800
0.734561	0.0000004769	206400
0.732642	0.0000004767	208000
0.730818	0.0000004766	209600
0.728937	0.0000004765	211200
0.727110	0.0000004764	212800
0.725370	0.0000004763	214400
0.723652	0.0000004763	216000
0.721927	0.0000004762	217600
0.720307	0.0000004762	219200
0.719059	0.0000004762	220800
0.718241	0.0000004761	222400
0.717151	0.0000004761	224000
0.715776	0.0000004761	225600
0.714693	0.0000004761	227200
0.713524	0.0000004761	228800
0.712248	0.0000004761	230400
0.711042	0.0000004761	232000
0.710034	0.0000004761	233600
0.709297	0.0000004761	235200
0.708381	0.0000004761	236800
0.707495	0.0000004761	238400
0.706275	0.0000004761	240000
0.705020	0.0000004761	241600
0.703786	0.0000004761	243200
0.702666	0.0000004761	244800
0.701803	0.0000004761	246400
0.700751	0.0000004761	248000
0.699715	0.0000004761	249600
0.698738	0.0000004761	251200
0.697880	0.0000004761	252800
0.696970	0.0000004761	254400
0.696037	0.0000004761	256000
0.695340	0.0000004761	257600
0.694668	0.0000004761	259200
0.694056	0.0000004761	260800
0.693285	0.0000004761	262400
0.692693	0.0000004761	264000
0.691976	0.0000004761	265600
0.691395	0.0000004761	267200
0.690800	0.0000004761	268800
0.690183	0.0000004761	270400
0.689630	0.0000004761	272000
0.689031	0.0000004761	273600
0.688510	0.0000004761	275200
0.688133	0.0000004761	276800
0.687901	0.0000004761	278400
0.687597	0.0000004761	280000
0.687206	0.0000004761	281600
0.686832	0.0000004761	283200
0.686556	0.0000004761	284800
0.686228	0.0000004761	286400
0.686039	0.0000004761	288000
0.685702	0.0000004761	289600
0.685388	0.0000004761	291200
0.685098	0.0000004761	292800
0.684804	0.0000004761	294400
0.684507	0.0000004761	296000
0.684237	0.0000004761	297600
0.683944	0.0000004761	299200
0.683675	0.0000004761	300800
0.683413	0.0000004761	302400
0.683117	0.0000004761	304000
0.682912	0.0000004761	305600
0.682743	0.0000004761	307200
0.682633	0.0000004761	308800
0.682456	0.0000004761	310400
0.682289	0.0000004761	312000
0.682190	0.0000004761	313600
0.682133	0.0000004761	315200
0.682319	0.0000004761	316800
0.682219	0.0000004761	318400
0.682117	0.0000004761	320000
0.682008	0.0000004761	321600
0.681927	0.0000004761	323200
0.681852	0.0000004761	324800
0.681783	0.0000004761	326400
0.681675	0.0000004761	328000
0.681552	0.0000004761	329600
0.681575	0.0000004761	331200
0.681492	0.0000004761	332800
0.681421	0.0000004761	334400
0.681349	0.0000004761	336000
0.681275	0.0000004761	337600
0.681236	0.0000004761	339200
0.681156	0.0000004761	340800
0.681067	0.0000004761	342400
0.681001	0.0000004761	344000
0.680949	0.0000004761	345600
0.680906	0.0000004761	347200
0.680861	0.0000004761	348800
0.680843	0.0000004761	350400
0.680808	0.0000004761	352000
0.680786	0.0000004761	353600
0.680762	0.0000004761	355200
0.680732	0.0000004761	356800
0.680716	0.0000004761	358400
0.680718	0.0000004761	360000
0.680694	0.0000004761	361600
0.680680	0.0000004761	363200
0.680656	0.0000004761	364800
0.680638	0.0000004761	366400
0.680622	0.0000004761	368000
0.680604	0.0000004761	369600
0.680569	0.0000004761	371200
0.680552	0.0000004761	372800
0.680547	0.0000004761	374400
0.680536	0.0000004761	376000
0.680523	0.0000004761	377600
0.680495	0.0000004761	379200
0.680473	0.0000004761	380800
0.680467	0.0000004761	382400
0.680458	0.0000004761	384000
0.680466	0.0000004761	385600
0.680454	0.0000004761	387200
0.680452	0.0000004761	388800
0.680436	0.0000004761	390400
0.680446	0.0000004761	392000
0.680448	0.0000004761	393600
0.680433	0.0000004761	395200
0.680429	0.0000004761	396800
0.680402	0.0000004761	398400
0.680393	0.0000004761	400000
0.680391	0.0000004761	401600
0.680380	0.0000004761	403200
0.680377	0.0000004761	404800
0.680351	0.0000004761	406400
0.680358	0.0000004761	408000
0.680358	0.0000004761	409600
0.680348	0.0000004761	411200
0.680352	0.0000004761	412800
0.680352	0.0000004761	414400
0.680349	0.0000004761	416000
0.680339	0.0000004761	417600
0.680336	0.0000004761	419200
0.680319	0.0000004761	420800
0.680314	0.0000004761	422400
0.680309	0.0000004761	424000
0.680300	0.0000004761	425600
0.680308	0.0000004761	427200
0.680296	0.0000004761	428800
0.680285	0.0000004761	430400
0.680273	0.0000004761	432000
0.680276	0.0000004761	433600
0.680289	0.0000004761	435200
0.680281	0.0000004761	436800
0.680282	0.0000004761	438400
0.680287	0.0000004761	440000
0.680286	0.0000004761	441600
0.680282	0.0000004761	443200
0.680279	0.0000004761	444800
0.680276	0.0000004761	446400
0.680269	0.0000004761	448000
0.680262	0.0000004761	449600
0.680255	0.0000004761	451200
0.680247	0.0000004761	452800
0.680254	0.0000004761	454400
0.680255	0.0000004761	456000
0.680241	0.0000004761	457600
0.680244	0.0000004761	459200
0.680252	0.0000004761	460800
0.680260	0.0000004761	462400
0.680258	0.0000004761	464000
0.680250	0.0000004761	465600
0.680268	0.0000004761	467200
0.680276	0.0000004761	468800
0.680272	0.0000004761	470400
0.680279	0.0000004761	472000
0.680273	0.0000004761	473600
0.680282	0.0000004761	475200
0.680272	0.0000004761	476800
0.680290	0.0000004761	478400
0.680296	0.0000004761	480000
0.680284	0.0000004761	481600
0.680283	0.0000004761	483200
0.680289	0.0000004761	484800
0.680295	0.0000004761	486400
0.680306	0.0000004761	488000
0.680317	0.0000004761	489600
0.680328	0.0000004761	491200
0.680322	0.0000004761	492800
0.680321	0.0000004761	494400
0.680311	0.0000004761	496000
0.680327	0.0000004761	497600
0.680319	0.0000004761	499200
0.680310	0.0000004761	500800
0.680324	0.0000004761	502400
0.680322	0.0000004761	504000
0.680329	0.0000004761	505600
0.680336	0.0000004761	507200
0.680347	0.0000004761	508800
0.680359	0.0000004761	510400
0.680373	0.0000004761	512000
0.680371	0.0000004761	513600
0.680374	0.0000004761	515200
0.680371	0.0000004761	516800
0.680366	0.0000004761	518400
0.680366	0.0000004761	520000
0.680364	0.0000004761	521600
0.680373	0.0000004761	523200
0.680375	0.0000004761	524800
0.680368	0.0000004761	526400
0.680358	0.0000004761	528000
0.680362	0.0000004761	529600
0.680351	0.0000004761	531200
0.680343	0.0000004761	532800
0.680355	0.0000004761	534400
0.680357	0.0000004761	536000
0.680369	0.0000004761	537600
0.680372	0.0000004761	539200
0.680387	0.0000004761	540800
0.680386	0.0000004761	542400
0.680376	0.0000004761	544000
0.680371	0.0000004761	545600
0.680372	0.0000004761	547200
0.680374	0.0000004761	548800
0.680383	0.0000004761	550400
0.680385	0.0000004761	552000
0.680379	0.0000004761	553600
0.680382	0.0000004761	555200
0.680378	0.0000004761	556800
0.680358	0.0000004761	558400
0.680369	0.0000004761	560000
0.680379	0.0000004761	561600
0.680383	0.0000004761	563200
0.680397	0.0000004761	564800
0.680397	0.0000004761	566400
0.680407	0.0000004761	568000
0.680403	0.0000004761	569600
0.680391	0.0000004761	571200
0.680383	0.0000004761	572800
0.680386	0.0000004761	574400
0.680379	0.0000004761	576000
0.680373	0.0000004761	577600
0.680378	0.0000004761	579200
0.680377	0.0000004761	580800
0.680374	0.0000004761	582400
0.680353	0.0000004761	584000
0.680367	0.0000004761	585600
0.680360	0.0000004761	587200
0.680360	0.0000004761	588800
0.680373	0.0000004761	590400
0.680372	0.0000004761	592000
0.680373	0.0000004761	593600
0.680374	0.0000004761	595200
0.680377	0.0000004761	596800
0.680390	0.0000004761	598400
0.680379	0.0000004761	600000
0.680357	0.0000004761	601600
0.680350	0.0000004761	603200
0.680354	0.0000004761	604800
0.680357	0.0000004761	606400
0.680350	0.0000004761	608000
0.680351	0.0000004761	609600
0.680342	0.0000004761	611200
0.680349	0.0000004761	612800
0.680330	0.0000004761	614400
0.680334	0.0000004761	616000
0.680319	0.0000004761	617600
0.680316	0.0000004761	619200
0.680311	0.0000004761	620800
0.680309	0.0000004761	622400
0.680314	0.0000004761	624000
0.680309	0.0000004761	625600
0.680316	0.0000004761	627200
0.680311	0.0000004761	628800
0.680302	0.0000004761	630400
0.680307	0.0000004761	632000
0.680306	0.0000004761	633600
0.680302	0.0000004761	635200
0.680294	0.0000004761	636800
0.680297	0.0000004761	638400
0.680298	0.0000004761	640000
0.680300	0.0000004761	641600
0.680290	0.0000004761	643200
0.680288	0.0000004761	644800
0.680282	0.0000004761	646400
0.680284	0.0000004761	648000
0.680281	0.0000004761	649600
0.680285	0.0000004761	651200
0.680280	0.0000004761	652800
0.680279	0.0000004761	654400
0.680267	0.0000004761	656000
0.680255	0.0000004761	657600
0.680260	0.0000004761	659200
0.680255	0.0000004761	660800
0.680254	0.0000004761	662400
0.680247	0.0000004761	664000
0.680252	0.0000004761	665600
0.680242	0.0000004761	667200
0.680248	0.0000004761	668800
0.680246	0.0000004761	670400
0.680268	0.0000004761	672000
0.680268	0.0000004761	673600
0.680272	0.0000004761	675200
0.680274	0.0000004761	676800
0.680265	0.0000004761	678400
0.680283	0.0000004761	680000
0.680300	0.0000004761	681600
0.680287	0.0000004761	683200
0.680288	0.0000004761	684800
0.680302	0.0000004761	686400
0.680296	0.0000004761	688000
0.680296	0.0000004761	689600
0.680292	0.0000004761	691200
0.680306	0.0000004761	692800
0.680292	0.0000004761	694400
0.680297	0.0000004761	696000
0.680300	0.0000004761	697600
0.680308	0.0000004761	699200
0.680299	0.0000004761	700800
0.680285	0.0000004761	702400
0.680282	0.0000004761	704000
0.680294	0.0000004761	705600
0.680290	0.0000004761	707200
0.680288	0.0000004761	708800
0.680273	0.0000004761	710400
0.680283	0.0000004761	712000
0.680270	0.0000004761	713600
0.680259	0.0000004761	715200
0.680245	0.0000004761	716800
0.680248	0.0000004761	718400
0.680248	0.0000004761	720000
0.680250	0.0000004761	721600
0.680247	0.0000004761	723200
0.680261	0.0000004761	724800
0.680248	0.0000004761	726400
0.680240	0.0000004761	728000
0.680243	0.0000004761	729600
0.680237	0.0000004761	731200
0.680235	0.0000004761	732800
0.680238	0.0000004761	734400
0.680248	0.0000004761	736000
0.680246	0.0000004761	737600
0.680248	0.0000004761	739200
0.680257	0.0000004761	740800
0.680258	0.0000004761	742400
0.680260	0.0000004761	744000
0.680248	0.0000004761	745600
0.680259	0.0000004761	747200
0.680262	0.0000004761	748800
0.680260	0.0000004761	750400
0.680268	0.0000004761	752000
0.680275	0.0000004761	753600
0.680255	0.0000004761	755200
0.680252	0.0000004761	756800
0.680252	0.0000004761	758400
0.680243	0.0000004761	760000
0.680240	0.0000004761	761600
0.680241	0.0000004761	763200
0.680233	0.0000004761	764800
0.680217	0.0000004761	766400
0.680231	0.0000004761	768000
0.680239	0.0000004761	769600
0.680245	0.0000004761	771200
0.680236	0.0000004761	772800
0.680230	0.0000004761	774400
0.680228	0.0000004761	776000
0.680246	0.0000004761	777600
0.680233	0.0000004761	779200
0.680242	0.0000004761	780800
0.680244	0.0000004761	782400
0.680238	0.0000004761	784000
0.680236	0.0000004761	785600
0.680245	0.0000004761	787200
0.680241	0.0000004761	788800
0.680244	0.0000004761	790400
0.680245	0.0000004761	792000
0.680251	0.0000004761	793600
0.680256	0.0000004761	795200
0.680262	0.0000004761	796800
0.680265	0.0000004761	798400
0.680272	0.0000004761	800000
0.680281	0.0000004761	801600
0.680280	0.0000004761	803200
0.680279	0.0000004761	804800
0.680271	0.0000004761	806400
0.680263	0.0000004761	808000
0.680257	0.0000004761	809600
0.680268	0.0000004761	811200
0.680270	0.0000004761	812800
0.680276	0.0000004761	814400
0.680275	0.0000004761	816000
0.680285	0.0000004761	817600
0.680289	0.0000004761	819200
0.680281	0.0000004761	820800
0.680284	0.0000004761	822400
0.680292	0.0000004761	824000
0.680281	0.0000004761	825600
0.680267	0.0000004761	827200
0.680260	0.0000004761	828800
0.680256	0.0000004761	830400
0.680247	0.0000004761	832000
0.680242	0.0000004761	833600
0.680231	0.0000004761	835200
0.680229	0.0000004761	836800
0.680218	0.0000004761	838400
0.680226	0.0000004761	840000
0.680221	0.0000004761	841600
0.680233	0.0000004761	843200
0.680237	0.0000004761	844800
0.680234	0.0000004761	846400
0.680231	0.0000004761	848000
0.680231	0.0000004761	849600
0.680236	0.0000004761	851200
0.680253	0.0000004761	852800
0.680257	0.0000004761	854400
0.680257	0.0000004761	856000
0.680261	0.0000004761	857600
0.680271	0.0000004761	859200
0.680276	0.0000004761	860800
0.680283	0.0000004761	862400
0.680283	0.0000004761	864000
0.680289	0.0000004761	865600
0.680290	0.0000004761	867200
0.680296	0.0000004761	868800
0.680298	0.0000004761	870400
0.680288	0.0000004761	872000
0.680287	0.0000004761	873600
0.680294	0.0000004761	875200
0.680289	0.0000004761	876800
0.680303	0.0000004761	878400
0.680301	0.0000004761	880000
0.680291	0.0000004761	881600
0.680281	0.0000004761	883200
0.680285	0.0000004761	884800
0.680290	0.0000004761	886400
0.680286	0.0000004761	888000
0.680281	0.0000004761	889600
0.680289	0.0000004761	891200
0.680293	0.0000004761	892800
0.680305	0.0000004761	894400
0.680292	0.0000004761	896000
0.680288	0.0000004761	897600
0.680297	0.0000004761	899200
0.680295	0.0000004761	900800
0.680292	0.0000004761	902400
0.680287	0.0000004761	904000
0.680284	0.0000004761	905600
0.680292	0.0000004761	907200
0.680295	0.0000004761	908800
0.680300	0.0000004761	910400
0.680311	0.0000004761	912000
0.680306	0.0000004761	913600
0.680313	0.0000004761	915200
0.680306	0.0000004761	916800
0.680293	0.0000004761	918400
0.680287	0.0000004761	920000
0.680279	0.0000004761	921600
0.680283	0.0000004761	923200
0.680289	0.0000004761	924800
0.680292	0.0000004761	926400
0.680287	0.0000004761	928000
0.680298	0.0000004761	929600
0.680290	0.0000004761	931200
0.680292	0.0000004761	932800
0.680291	0.0000004761	934400
0.680304	0.0000004761	936000
0.680308	0.0000004761	937600
0.680314	0.0000004761	939200
0.680328	0.0000004761	940800
0.680326	0.0000004761	942400
0.680342	0.0000004761	944000
0.680358	0.0000004761	945600
0.680359	0.0000004761	947200
0.680355	0.0000004761	948800
0.680349	0.0000004761	950400
0.680351	0.0000004761	952000
0.680348	0.0000004761	953600
0.680350	0.0000004761	955200
0.680348	0.0000004761	956800
0.680340	0.0000004761	958400
0.680338	0.0000004761	960000
0.680344	0.0000004761	961600
0.680359	0.0000004761	963200
0.680343	0.0000004761	964800
0.680333	0.0000004761	966400
0.680339	0.0000004761	968000
0.680338	0.0000004761	969600
0.680334	0.0000004761	971200
0.680336	0.0000004761	972800
0.680335	0.0000004761	974400
0.680326	0.0000004761	976000
0.680313	0.0000004761	977600
0.680309	0.0000004761	979200
0.680308	0.0000004761	980800
0.680321	0.0000004761	982400
0.680317	0.0000004761	984000
0.680329	0.0000004761	985600
0.680330	0.0000004761	987200
0.680328	0.0000004761	988800
0.680330	0.0000004761	990400
0.680320	0.0000004761	992000
0.680302	0.0000004761	993600
0.680302	0.0000004761	995200
0.680299	0.0000004761	996800
0.680294	0.0000004761	998400
0.680289	0.0000004761	1000000
