9.385724067687988	1.8906872583102086e-06	1600
9.280105590820312	1.8745333818515064e-06	3200
9.156228065490723	1.8548406615082058e-06	4800
9.037646293640137	1.835468196986767e-06	6400
8.930370330810547	1.8174608840126893e-06	8000
8.828821182250977	1.8000837371801026e-06	9600
8.724066734313965	1.781947730705724e-06	11200
8.616804122924805	1.7631556374908541e-06	12800
8.49797248840332	1.7421328948330483e-06	14400
8.37191390991211	1.7205099993589101e-06	16000
8.245299339294434	1.6986932678264566e-06	17600
8.123010635375977	1.677389491305803e-06	19200
7.98246431350708	1.6529110098417732e-06	20800
7.841659069061279	1.6281479702229262e-06	22400
7.691277503967285	1.6018007045204286e-06	24000
7.547041416168213	1.5764526324346662e-06	25600
7.39540958404541	1.5496798368985765e-06	27200
7.2437520027160645	1.522794264019467e-06	28800
7.094780445098877	1.4965746686357306e-06	30400
6.946646690368652	1.4703631450174726e-06	32000
6.803379058837891	1.4442809970205417e-06	33600
6.659017562866211	1.4184456631483044e-06	35200
6.514985084533691	1.3928049611422466e-06	36800
6.3749895095825195	1.3678358072866104e-06	38400
6.226370811462402	1.3421134781310684e-06	40000
6.090308666229248	1.3177633491068264e-06	41600
5.959187030792236	1.293753484787885e-06	43200
5.830973148345947	1.270072743864148e-06	44800
5.693943977355957	1.2461887308745645e-06	46400
5.558884143829346	1.2221647693877458e-06	48000
5.440834999084473	1.1992758572887396e-06	49600
5.314273357391357	1.176563159788202e-06	51200
5.190079689025879	1.1535657904460095e-06	52800
5.074112415313721	1.1324132174195256e-06	54400
4.956655025482178	1.1115463394162362e-06	56000
4.8382391929626465	1.090288947125373e-06	57600
4.726320266723633	1.0695848686737008e-06	59200
4.611187934875488	1.0494378557268647e-06	60800
4.499894142150879	1.029428631227347e-06	62400
4.396601676940918	1.0102162377734203e-06	64000
4.294380187988281	9.907231515171588e-07	65600
4.197571277618408	9.719341278469074e-07	67200
4.100118637084961	9.5291187562907e-07	68800
4.002758502960205	9.348465255243354e-07	70400
3.9117608070373535	9.172223371933796e-07	72000
3.828660488128662	9.073443152374239e-07	73600
3.7478716373443604	9.023871143654105e-07	75200
3.664121150970459	8.966690074885264e-07	76800
3.5849132537841797	8.915528724173782e-07	78400
3.51364803314209	8.869952807799564e-07	80000
3.438549518585205	8.819533263704216e-07	81600
3.3588812351226807	8.75864202498633e-07	83200
3.2886252403259277	8.706909966349485e-07	84800
3.216256618499756	8.64773369357863e-07	86400
3.1460368633270264	8.591077289565874e-07	88000
3.076836585998535	8.534605058230227e-07	89600
3.0088374614715576	8.472408126181108e-07	91200
2.946524143218994	8.415664751737495e-07	92800
2.8837568759918213	8.362035259779077e-07	94400
2.8172426223754883	8.293076234622276e-07	96000
2.7599213123321533	8.238012583206e-07	97600
2.7004847526550293	8.180517738765047e-07	99200
2.6460368633270264	8.12674102235178e-07	100800
2.5911192893981934	8.069299042290368e-07	102400
2.5329666137695312	8.004301434993977e-07	104000
2.4809234142303467	7.946135269776278e-07	105600
2.434605598449707	7.889752851042431e-07	107200
2.385929584503174	7.827084687050956e-07	108800
2.3379178047180176	7.766968224132142e-07	110400
2.2901203632354736	7.703715709794778e-07	112000
2.2432305812835693	7.640078365511727e-07	113600
2.201470136642456	7.581942895740212e-07	115200
2.1567811965942383	7.523200906689453e-07	116800
2.117629051208496	7.468980811609072e-07	118400
2.073387622833252	7.404621555906488e-07	120000
2.030590295791626	7.343279548877035e-07	121600
1.9902317523956299	7.276291285052139e-07	123200
1.954163908958435	7.217864776976057e-07	124800
1.919149398803711	7.155258572311141e-07	126400
1.8822786808013916	7.089247446856461e-07	128000
1.8478955030441284	7.026409889476781e-07	129600
1.8127728700637817	6.961084864087752e-07	131200
1.776961088180542	6.8959855070716e-07	132800
1.7432060241699219	6.832273697909841e-07	134400
1.709192156791687	6.771106200176291e-07	136000
1.6770589351654053	6.711071591780637e-07	137600
1.6463024616241455	6.646324663961423e-07	139200
1.615149974822998	6.580208378181851e-07	140800
1.5850590467453003	6.520223223560606e-07	142400
1.5533199310302734	6.457947279159271e-07	144000
1.523163080215454	6.405786052710027e-07	145600
1.4955335855484009	6.385046731338662e-07	147200
1.4653698205947876	6.365725653267873e-07	148800
1.439961552619934	6.350944090627308e-07	150400
1.4164031744003296	6.337743911899452e-07	152000
1.3900575637817383	6.31633326975134e-07	153600
1.3631950616836548	6.296045853559917e-07	155200
1.3374301195144653	6.276541171246208e-07	156800
1.3121097087860107	6.24997937848093e-07	158400
1.291811466217041	6.231036877579754e-07	160000
1.269385814666748	6.208011313901807e-07	161600
1.2475992441177368	6.189629289110599e-07	163200
1.2253645658493042	6.167313699734223e-07	164800
1.2065542936325073	6.147205340312212e-07	166400
1.1851383447647095	6.123993898654589e-07	168000
1.1608548164367676	6.099725169406156e-07	169600
1.1421096324920654	6.078083174543281e-07	171200
1.1237499713897705	6.054753498574428e-07	172800
1.101660966873169	6.030019790159713e-07	174400
1.0822511911392212	6.0023819514754e-07	176000
1.0657682418823242	5.977424279990373e-07	177600
1.0479670763015747	5.94996208747034e-07	179200
1.030291199684143	5.920906573919638e-07	180800
1.0132067203521729	5.894432888453593e-07	182400
0.9964344501495361	5.867568120265787e-07	184000
0.9784579277038574	5.84002577852516e-07	185600
0.9639240503311157	5.810305196973786e-07	187200
0.9510669708251953	5.784630161542736e-07	188800
0.9367957711219788	5.754719154538179e-07	190400
0.919620156288147	5.726048470933165e-07	192000
0.9054286479949951	5.69705150610389e-07	193600
0.8908416032791138	5.66515268474177e-07	195200
0.8775137066841125	5.636295554722892e-07	196800
0.863618016242981	5.606016770798306e-07	198400
0.8508826494216919	5.575158752435527e-07	200000
0.8316938877105713	5.508211415872211e-07	201600
0.8153648972511292	5.450364142234321e-07	203200
0.8008252382278442	5.400764848673134e-07	204800
0.787169337272644	5.356549763746443e-07	206400
0.7736318707466125	5.307905439622118e-07	208000
0.7632453441619873	5.26132453160244e-07	209600
0.7551456689834595	5.21930644481472e-07	211200
0.7471936941146851	5.182305358175654e-07	212800
0.7397797107696533	5.146920329934801e-07	214400
0.7317783236503601	5.115181807013869e-07	216000
0.723173201084137	5.083709311293205e-07	217600
0.7154833078384399	5.056645591139386e-07	219200
0.7126162648200989	5.036932293478458e-07	220800
0.7082114219665527	5.017307671550952e-07	222400
0.7023288607597351	4.996802545065293e-07	224000
0.6985315680503845	4.981045549357077e-07	225600
0.6962953209877014	4.963675337421591e-07	227200
0.6944074034690857	4.949828849021287e-07	228800
0.6917986869812012	4.93744551022246e-07	230400
0.6900961399078369	4.925590815219039e-07	232000
0.6910171508789062	4.914574560643814e-07	233600
0.6902243494987488	4.90687398269074e-07	235200
0.6909178495407104	4.899122245660692e-07	236800
0.6900433301925659	4.890667923973524e-07	238400
0.688827395439148	4.884979603048123e-07	240000
0.6878267526626587	4.88079081151227e-07	241600
0.6853050589561462	4.872352974416572e-07	243200
0.6833833456039429	4.865713094659441e-07	244800
0.6824817061424255	4.857613475905964e-07	246400
0.6820837259292603	4.853973223362118e-07	248000
0.683150053024292	4.847801164942211e-07	249600
0.6845903396606445	4.843510623686598e-07	251200
0.6847848296165466	4.839740768147749e-07	252800
0.6848275661468506	4.835102913602896e-07	254400
0.6840941309928894	4.82895075037959e-07	256000
0.6824852228164673	4.821255856768403e-07	257600
0.6831814050674438	4.817255216948979e-07	259200
0.6812446117401123	4.811803933080228e-07	260800
0.6824331283569336	4.810435143554059e-07	262400
0.6819732785224915	4.808433118341782e-07	264000
0.6814779043197632	4.805946218766621e-07	265600
0.6807224154472351	4.804307991435053e-07	267200
0.6825732588768005	4.802708986062498e-07	268800
0.680198073387146	4.799165367330716e-07	270400
0.6790682673454285	4.796252710548288e-07	272000
0.6796333193778992	4.792413506038429e-07	273600
0.6803523302078247	4.792152026311669e-07	275200
0.6771459579467773	4.784967018167663e-07	276800
0.6757403612136841	4.780429208040005e-07	278400
0.6739510893821716	4.773652335643419e-07	280000
0.6745131611824036	4.76985405839514e-07	281600
0.6734986901283264	4.771272870129906e-07	283200
0.6729916334152222	4.769431143358815e-07	284800
0.67116379737854	4.761253933338594e-07	286400
0.6726034879684448	4.7611450781914755e-07	288000
0.6734294891357422	4.7575468897775863e-07	289600
0.6737308502197266	4.755235636366706e-07	291200
0.6721342206001282	4.749460629227542e-07	292800
0.6712328195571899	4.749062156861328e-07	294400
0.6734506487846375	4.75042327252595e-07	296000
0.6748812794685364	4.74654569870836e-07	297600
0.6771638989448547	4.745667183669866e-07	299200
0.6763371825218201	4.741783072859107e-07	300800
0.6756319403648376	4.742009309666173e-07	302400
0.6737806797027588	4.740390977531206e-07	304000
0.6734654903411865	4.740953727377928e-07	305600
0.6713567972183228	4.735938432531839e-07	307200
0.6680386066436768	4.731248850475822e-07	308800
0.6663327813148499	4.729533316094603e-07	310400
0.6650952100753784	4.729108979972807e-07	312000
0.6643291115760803	4.7301995209636516e-07	313600
0.6646174192428589	4.728233307105256e-07	315200
0.6645727157592773	4.726256008780183e-07	316800
0.6653987169265747	4.7261517011065735e-07	318400
0.6662320494651794	4.725621352008602e-07	320000
0.664546549320221	4.7212532194862433e-07	321600
0.6627288460731506	4.7173824668789166e-07	323200
0.6628522872924805	4.716173407359747e-07	324800
0.6622750163078308	4.712351824309735e-07	326400
0.6617863774299622	4.7124987645474903e-07	328000
0.6617826223373413	4.714636361313751e-07	329600
0.6638336777687073	4.7163857175291923e-07	331200
0.6676235198974609	4.7153901050478453e-07	332800
0.6690847277641296	4.7183687001961516e-07	334400
0.668094277381897	4.7176160933304345e-07	336000
0.668569028377533	4.717294075362588e-07	337600
0.6691380739212036	4.7180901674437337e-07	339200
0.6688674092292786	4.7176357043099415e-07	340800
0.6687755584716797	4.720847073258483e-07	342400
0.6716721653938293	4.72341696422518e-07	344000
0.6718992590904236	4.724843449821492e-07	345600
0.6718912720680237	4.7216582288456266e-07	347200
0.6708008646965027	4.7258134827643516e-07	348800
0.6721727848052979	4.7295461058638466e-07	350400
0.6711214780807495	4.730776481665089e-07	352000
0.6725701093673706	4.729833449346188e-07	353600
0.6739717125892639	4.7288261839639745e-07	355200
0.6758688688278198	4.730317471057788e-07	356800
0.6769174337387085	4.7302808070526225e-07	358400
0.6773496270179749	4.730036096134427e-07	360000
0.6769088506698608	4.7296452976297587e-07	361600
0.678266167640686	4.7300761707447236e-07	363200
0.6788252592086792	4.7310919626397663e-07	364800
0.6778789162635803	4.730666489649593e-07	366400
0.6767818331718445	4.731672902380524e-07	368000
0.6759101748466492	4.734340848244756e-07	369600
0.6774265766143799	4.7347378995254985e-07	371200
0.6767667531967163	4.734248477689107e-07	372800
0.6771379709243774	4.7347100462502567e-07	374400
0.6785696148872375	4.734812932838395e-07	376000
0.6805898547172546	4.7362334498757264e-07	377600
0.6806889176368713	4.74023011065583e-07	379200
0.681818425655365	4.7414050641236827e-07	380800
0.6825536489486694	4.746294166579901e-07	382400
0.6823261976242065	4.7446263806705247e-07	384000
0.6834662556648254	4.7449339035665616e-07	385600
0.6831545829772949	4.739541452636331e-07	387200
0.6836680173873901	4.739662813335599e-07	388800
0.6826733946800232	4.7409562853317766e-07	390400
0.6829167604446411	4.744427428704512e-07	392000
0.6837189197540283	4.7450879492316744e-07	393600
0.6847234964370728	4.750300206524116e-07	395200
0.6837242245674133	4.751585436224559e-07	396800
0.6845622658729553	4.7520279622403905e-07	398400
0.6845242381095886	4.7536300940009824e-07	400000
0.685206413269043	4.750969537781202e-07	401600
0.6873071193695068	4.7514026846329216e-07	403200
0.6859285235404968	4.7554044613207225e-07	404800
0.6865713000297546	4.7580172690686595e-07	406400
0.6898587942123413	4.7609159992134664e-07	408000
0.690524160861969	4.7639409217481443e-07	409600
0.6914594173431396	4.766643826314976e-07	411200
0.6899721026420593	4.76748141409189e-07	412800
0.6892507076263428	4.767186965182191e-07	414400
0.6925945281982422	4.769965471496107e-07	416000
0.6941182613372803	4.772181227963301e-07	417600
0.6952271461486816	4.774247486238892e-07	419200
0.6938650608062744	4.774614694724733e-07	420800
0.6934894323348999	4.775482693730737e-07	422400
0.6946276426315308	4.773583555106597e-07	424000
0.6949682235717773	4.772424517796026e-07	425600
0.6973848342895508	4.77443620638951e-07	427200
0.6994213461875916	4.774974513566121e-07	428800
0.699994683265686	4.774688022735063e-07	430400
0.6979280710220337	4.774908006766054e-07	432000
0.69837486743927	4.780424092132307e-07	433600
0.6956372261047363	4.777977551384538e-07	435200
0.6954556703567505	4.781490474670136e-07	436800
0.6951429843902588	4.781408051712788e-07	438400
0.6944289207458496	4.781786060448212e-07	440000
0.6956946849822998	4.783168492394907e-07	441600
0.6938609480857849	4.784221800946398e-07	443200
0.6941124200820923	4.78780236790044e-07	444800
0.6959535479545593	4.787537477568549e-07	446400
0.6978150606155396	4.790607022187032e-07	448000
0.70154869556427	4.793330390384654e-07	449600
0.6977516412734985	4.788449246007076e-07	451200
0.6983880996704102	4.790108505403623e-07	452800
0.6959152817726135	4.790221055372967e-07	454400
0.6974713802337646	4.794832761945145e-07	456000
0.6968644261360168	4.793342327502614e-07	457600
0.6977670192718506	4.793554353454965e-07	459200
0.6968414783477783	4.789810077454604e-07	460800
0.6993322372436523	4.794466690327681e-07	462400
0.6982085108757019	4.793776611222711e-07	464000
0.6990365982055664	4.798225177182758e-07	465600
0.697849452495575	4.796295343112433e-07	467200
0.6981111168861389	4.797380483978486e-07	468800
0.702085018157959	4.79916366202815e-07	470400
0.7013978362083435	4.800859301212768e-07	472000
0.702461302280426	4.802586772711948e-07	473600
0.7004235982894897	4.797104793397011e-07	475200
0.7014029026031494	4.798596933142107e-07	476800
0.7024457454681396	4.802096214007179e-07	478400
0.7030854225158691	4.804300033356412e-07	480000
0.7010980844497681	4.806670972357097e-07	481600
0.7017313241958618	4.808117637367104e-07	483200
0.7034224271774292	4.812034148926614e-07	484800
0.7069748044013977	4.812760607819655e-07	486400
0.7083808183670044	4.813782652490772e-07	488000
0.7096856832504272	4.812692395717022e-07	489600
0.7088284492492676	4.813525151803333e-07	491200
0.7065707445144653	4.809742222278146e-07	492800
0.7060791850090027	4.812786755792331e-07	494400
0.7107536196708679	4.818657544092275e-07	496000
0.7095876932144165	4.818452907784376e-07	497600
0.7087756991386414	4.818201091438823e-07	499200
0.7069264650344849	4.81487006709358e-07	500800
0.7072285413742065	4.817595709027955e-07	502400
0.705241322517395	4.816922682948643e-07	504000
0.7043180465698242	4.817069338969304e-07	505600
0.7016953229904175	4.81524978113157e-07	507200
0.703147828578949	4.815497618437803e-07	508800
0.7041876316070557	4.812758334082901e-07	510400
0.7045931816101074	4.812567340195528e-07	512000
0.7042033076286316	4.814733074454125e-07	513600
0.7015605568885803	4.808264293387765e-07	515200
0.7004817128181458	4.805201569979545e-07	516800
0.7009493112564087	4.808877633877273e-07	518400
0.7045709490776062	4.814834824173886e-07	520000
0.7040830254554749	4.817129592993297e-07	521600
0.7032393217086792	4.815491365661728e-07	523200
0.7033185958862305	4.814513658857322e-07	524800
0.7017055749893188	4.813817895410466e-07	526400
0.7020937204360962	4.811041094399116e-07	528000
0.7024317383766174	4.812117708752339e-07	529600
0.7018916010856628	4.809774054592708e-07	531200
0.7041938900947571	4.806231572729303e-07	532800
0.7059293985366821	4.805903586202476e-07	534400
0.7064486742019653	4.804765012522694e-07	536000
0.7067580223083496	4.803254682883562e-07	537600
0.7070624828338623	4.803376896234113e-07	539200
0.7074132561683655	4.805953039976885e-07	540800
0.7058306932449341	4.80528910884459e-07	542400
0.7071240544319153	4.807346840607352e-07	544000
0.7095159292221069	4.809941174244159e-07	545600
0.7083802223205566	4.811058715858962e-07	547200
0.7090718746185303	4.812779366147879e-07	548800
0.7067989110946655	4.813357463717693e-07	550400
0.7056933641433716	4.814247631657054e-07	552000
0.7061307430267334	4.815466922991618e-07	553600
0.7062993049621582	4.812835641132551e-07	555200
0.7055890560150146	4.808526341548713e-07	556800
0.7036998271942139	4.806223614650662e-07	558400
0.7056518197059631	4.80914025047241e-07	560000
0.7070224285125732	4.809262463822961e-07	561600
0.7073725461959839	4.809635356650688e-07	563200
0.7050642967224121	4.807071150025877e-07	564800
0.7036258578300476	4.804095397048513e-07	566400
0.7070870995521545	4.806659035239136e-07	568000
0.7044551372528076	4.805684739039862e-07	569600
0.7032036781311035	4.809006668438087e-07	571200
0.7024745941162109	4.809405140804301e-07	572800
0.7026436924934387	4.807397431250138e-07	574400
0.704413652420044	4.807754407920584e-07	576000
0.7049176096916199	4.807701543541043e-07	577600
0.7040706872940063	4.806530000678322e-07	579200
0.706068754196167	4.806200308848929e-07	580800
0.7070605158805847	4.806677225133171e-07	582400
0.7085287570953369	4.809414235751319e-07	584000
0.7109695076942444	4.809019173990237e-07	585600
0.7112377285957336	4.80505661926145e-07	587200
0.7093715071678162	4.802705007023178e-07	588800
0.7071513533592224	4.804469426744618e-07	590400
0.7081454992294312	4.805648359251791e-07	592000
0.7091282606124878	4.803623596671969e-07	593600
0.709159791469574	4.80807841540809e-07	595200
0.7093899250030518	4.811419671568729e-07	596800
0.7072023749351501	4.8121296458703e-07	598400
0.7040421962738037	4.809958227269817e-07	600000
0.705856442451477	4.813208533960278e-07	601600
0.7063921093940735	4.813268787984271e-07	603200
0.7062990665435791	4.81490644688165e-07	604800
0.7065063118934631	4.815985334971629e-07	606400
0.7058961987495422	4.812038696400123e-07	608000
0.7056896686553955	4.81105132621451e-07	609600
0.7052966356277466	4.811770963897288e-07	611200
0.7057530879974365	4.81118206607789e-07	612800
0.7047961950302124	4.808456992577703e-07	614400
0.7039427757263184	4.810910354535736e-07	616000
0.7033599615097046	4.808013613910589e-07	617600
0.7020445466041565	4.80377423173195e-07	619200
0.7023714184761047	4.805061735169147e-07	620800
0.7008615136146545	4.802122930414043e-07	622400
0.6984798312187195	4.80093603982823e-07	624000
0.699557900428772	4.800987198905204e-07	625600
0.701092004776001	4.802011517313076e-07	627200
0.6999505758285522	4.796550570063118e-07	628800
0.7012884616851807	4.793901098310016e-07	630400
0.7011020183563232	4.797503834197414e-07	632000
0.6989564895629883	4.7933031055436e-07	633600
0.6975880861282349	4.794834467247711e-07	635200
0.69551020860672	4.792624963556591e-07	636800
0.6974062919616699	4.787500529346289e-07	638400
0.697203516960144	4.786088538821787e-07	640000
0.6982334852218628	4.786571707882104e-07	641600
0.6978893876075745	4.784068323715474e-07	643200
0.6962437629699707	4.783607323588512e-07	644800
0.6954991817474365	4.783389613294275e-07	646400
0.6948081254959106	4.783203166880412e-07	648000
0.6960078477859497	4.785327973877429e-07	649600
0.6943979859352112	4.784981229022378e-07	651200
0.6952511668205261	4.783289000442892e-07	652800
0.6956505179405212	4.78233403100603e-07	654400
0.6950770616531372	4.780737867804419e-07	656000
0.6937167048454285	4.781210236615152e-07	657600
0.694738507270813	4.781949769494531e-07	659200
0.6936236023902893	4.77865455650317e-07	660800
0.6938759684562683	4.778362381330226e-07	662400
0.6944778561592102	4.77532239528955e-07	664000
0.6940930485725403	4.773371529154247e-07	665600
0.6975212693214417	4.774342983182578e-07	667200
0.6973615288734436	4.776810555995326e-07	668800
0.6954579949378967	4.776052264787722e-07	670400
0.7008151412010193	4.779513460562157e-07	672000
0.7034467458724976	4.781246047969034e-07	673600
0.6994579434394836	4.77787068575708e-07	675200
0.7005082368850708	4.78011656923627e-07	676800
0.7006836533546448	4.779909659191617e-07	678400
0.6986790895462036	4.777148774337547e-07	680000
0.6993706822395325	4.782016276294598e-07	681600
0.6988111734390259	4.77954472444253e-07	683200
0.699286937713623	4.782859264196304e-07	684800
0.6994162797927856	4.78103970635857e-07	686400
0.7032884359359741	4.786805334333621e-07	688000
0.7019580006599426	4.788258252119704e-07	689600
0.7026185989379883	4.789366130353301e-07	691200
0.7006032466888428	4.788620913132036e-07	692800
0.7002267837524414	4.788117848875117e-07	694400
0.7029879093170166	4.786343197338283e-07	696000
0.7009596824645996	4.785885039382265e-07	697600
0.6997095346450806	4.786765543940419e-07	699200
0.6955437660217285	4.78370623113733e-07	700800
0.6943041086196899	4.785846954291628e-07	702400
0.6934820413589478	4.789283138961764e-07	704000
0.6936313509941101	4.792354957317002e-07	705600
0.6937848329544067	4.79501011341199e-07	707200
0.693428099155426	4.795396648660244e-07	708800
0.6943635940551758	4.796764869752224e-07	710400
0.6948603391647339	4.800190254172776e-07	712000
0.6917034983634949	4.799879320671607e-07	713600
0.6901360154151917	4.799076691597293e-07	715200
0.6907787919044495	4.800793931281078e-07	716800
0.6932816505432129	4.802693069905217e-07	718400
0.6922087669372559	4.801029263035161e-07	720000
0.6931043863296509	4.804899731425394e-07	721600
0.694060742855072	4.804485911336087e-07	723200
0.6925240755081177	4.803962951882568e-07	724800
0.6932987570762634	4.802753892363398e-07	726400
0.6946734189987183	4.803140427611652e-07	728000
0.6932961940765381	4.801100885742926e-07	729600
0.6936971545219421	4.800693318429694e-07	731200
0.6928690671920776	4.803181354873232e-07	732800
0.6955538392066956	4.800276656169444e-07	734400
0.6942773461341858	4.799531438948179e-07	736000
0.6951090693473816	4.795506356458645e-07	737600
0.6954962015151978	4.796008852281375e-07	739200
0.6963497400283813	4.79268237540964e-07	740800
0.695819079875946	4.79450818602345e-07	742400
0.697036623954773	4.794596293322684e-07	744000
0.6988895535469055	4.796957000507973e-07	745600
0.700034499168396	4.796862640432664e-07	747200
0.7007066607475281	4.797888095708913e-07	748800
0.7015380859375	4.796879125024134e-07	750400
0.7015231251716614	4.798890245183429e-07	752000
0.7006737589836121	4.798584427589958e-07	753600
0.6979864835739136	4.794151209353004e-07	755200
0.6997348666191101	4.79453262869356e-07	756800
0.6978102326393127	4.79124082630733e-07	758400
0.6949204206466675	4.788665250998747e-07	760000
0.6948323845863342	4.787525540450588e-07	761600
0.6963233947753906	4.789353056366963e-07	763200
0.6968724131584167	4.792782988261024e-07	764800
0.6960465312004089	4.787241323356284e-07	766400
0.694881021976471	4.784861289408582e-07	768000
0.6955047845840454	4.788114438269986e-07	769600
0.6950086951255798	4.785139822161e-07	771200
0.6946740746498108	4.78471520182211e-07	772800
0.6951351761817932	4.788736873706512e-07	774400
0.6948481202125549	4.787976308762154e-07	776000
0.6952102780342102	4.784448606187652e-07	777600
0.6942870020866394	4.788032015312638e-07	779200
0.6940226554870605	4.79182062917971e-07	780800
0.6929270029067993	4.78834977002407e-07	782400
0.690743625164032	4.785776468452241e-07	784000
0.6893782019615173	4.780634412782092e-07	785600
0.6877216696739197	4.777369895236916e-07	787200
0.6864287853240967	4.774936996909673e-07	788800
0.6875718235969543	4.772777515427151e-07	790400
0.6853289604187012	4.774782382810372e-07	792000
0.6886165738105774	4.77932019293803e-07	793600
0.6890007853507996	4.78055767416663e-07	795200
0.687468409538269	4.780674203175295e-07	796800
0.6853134036064148	4.777178901349544e-07	798400
0.6860615611076355	4.781078928317584e-07	800000
0.6876312494277954	4.782360747412895e-07	801600
0.6884602904319763	4.782724545293604e-07	803200
0.6900591254234314	4.785300689036376e-07	804800
0.691359281539917	4.790869638782169e-07	806400
0.6932305693626404	4.790151706401957e-07	808000
0.6900777816772461	4.791262995240686e-07	809600
0.6918601989746094	4.795172117155744e-07	811200
0.6918681859970093	4.793940888703219e-07	812800
0.6932381391525269	4.796418124897173e-07	814400
0.6931151747703552	4.794620735992794e-07	816000
0.6932750940322876	4.7944058678695e-07	817600
0.6907691359519958	4.790688876710192e-07	819200
0.6921359300613403	4.791831997863483e-07	820800
0.69223552942276	4.791801302417298e-07	822400
0.6901460289955139	4.792340746462287e-07	824000
0.6894006729125977	4.786335807693831e-07	825600
0.6889830827713013	4.783063332070014e-07	827200
0.6901934146881104	4.785069336321612e-07	828800
0.6872587203979492	4.783780696016038e-07	830400
0.6846272945404053	4.779312803293578e-07	832000
0.683238685131073	4.77834419143619e-07	833600
0.6817653775215149	4.779547566613473e-07	835200
0.6807727813720703	4.777193112204259e-07	836800
0.6801290512084961	4.778984248332563e-07	838400
0.6807019114494324	4.779628284268256e-07	840000
0.6804197430610657	4.77692708500399e-07	841600
0.6817271709442139	4.77508933727222e-07	843200
0.6808822751045227	4.773326622853347e-07	844800
0.6808655261993408	4.774705075760721e-07	846400
0.6836151480674744	4.774344120050955e-07	848000
0.6857551336288452	4.773955879500136e-07	849600
0.6857116222381592	4.774629474013636e-07	851200
0.6839973330497742	4.770694772560091e-07	852800
0.6852035522460938	4.772170996147906e-07	854400
0.6855258941650391	4.770284931510105e-07	856000
0.6874001622200012	4.77286391742382e-07	857600
0.6873410940170288	4.77014793887065e-07	859200
0.6864383816719055	4.767907739733346e-07	860800
0.685228168964386	4.770361101691378e-07	862400
0.6853248476982117	4.768717190017924e-07	864000
0.6892884969711304	4.773974069394171e-07	865600
0.6882731914520264	4.771794124280859e-07	867200
0.6887684464454651	4.772958277499129e-07	868800
0.6917296648025513	4.774279886987642e-07	870400
0.6934980750083923	4.778204925059981e-07	872000
0.6948142051696777	4.77565322398732e-07	873600
0.6928520202636719	4.776328523803386e-07	875200
0.6944780945777893	4.776446758114616e-07	876800
0.694390058517456	4.775457682626438e-07	878400
0.6942205429077148	4.777709818881704e-07	880000
0.693112313747406	4.776091486746736e-07	881600
0.6937997341156006	4.778178777087305e-07	883200
0.6923505067825317	4.780347353516845e-07	884800
0.6900184750556946	4.779467985827068e-07	886400
0.6890653371810913	4.780746394317248e-07	888000
0.6905650496482849	4.78161553019163e-07	889600
0.6906552910804749	4.778084985446185e-07	891200
0.6884763240814209	4.774575472765719e-07	892800
0.6866586804389954	4.772936676999961e-07	894400
0.684472382068634	4.770986379298847e-07	896000
0.6838028430938721	4.772360284732713e-07	897600
0.6837268471717834	4.7716224571559e-07	899200
0.686675488948822	4.771301291839336e-07	900800
0.6878232955932617	4.770328132508439e-07	902400
0.6876267790794373	4.768826329382136e-07	904000
0.6864420175552368	4.766496601860126e-07	905600
0.6861395835876465	4.768139660882298e-07	907200
0.6877099871635437	4.770466262016271e-07	908800
0.6879533529281616	4.7681010073574726e-07	910400
0.6879026293754578	4.761779450745962e-07	912000
0.6877946853637695	4.75897678597903e-07	913600
0.6855790019035339	4.7597950469935313e-07	915200
0.6847358345985413	4.7609458420083683e-07	916800
0.6851587295532227	4.7604945052626135e-07	918400
0.6862338781356812	4.7656581614319293e-07	920000
0.6880090236663818	4.770712394019938e-07	921600
0.6880077123641968	4.770246277985279e-07	923200
0.6863264441490173	4.769373163071577e-07	924800
0.6863157749176025	4.77078117455676e-07	926400
0.691655695438385	4.771326871377823e-07	928000
0.6891252398490906	4.771485464516445e-07	929600
0.6891245245933533	4.774653916683747e-07	931200
0.6899620294570923	4.77517914987402e-07	932800
0.6877380609512329	4.770787427332834e-07	934400
0.688083291053772	4.768813823829987e-07	936000
0.6881861090660095	4.7661930580034095e-07	937600
0.6885022521018982	4.765060737099702e-07	939200
0.6900957822799683	4.764087577768805e-07	940800
0.6904438138008118	4.761511149808939e-07	942400
0.6908486485481262	4.761937191233301e-07	944000
0.6917227506637573	4.7630697963541024e-07	945600
0.6917662620544434	4.7662013002991443e-07	947200
0.6916272044181824	4.766488075347297e-07	948800
0.6921920776367188	4.766343124629202e-07	950400
0.69254469871521	4.767249777160032e-07	952000
0.6947171688079834	4.7638681621720025e-07	953600
0.6971957683563232	4.7637718125770334e-07	955200
0.698270857334137	4.7639130684729025e-07	956800
0.700957715511322	4.7630121002839587e-07	958400
0.7026125192642212	4.763802508023218e-07	960000
0.703560471534729	4.762592595852766e-07	961600
0.7043569684028625	4.763379592986894e-07	963200
0.7051873803138733	4.7647657197558146e-07	964800
0.7045449018478394	4.7663343138992786e-07	966400
0.7034138441085815	4.767154280216346e-07	968000
0.7028877139091492	4.7658443236286985e-07	969600
0.7024866342544556	4.76713410080265e-07	971200
0.7036417126655579	4.7647293399677437e-07	972800
0.7017773389816284	4.76243769753637e-07	974400
0.7011474370956421	4.765407197737659e-07	976000
0.7017703056335449	4.7654938839514216e-07	977600
0.7035155296325684	4.768542112287832e-07	979200
0.7064007520675659	4.771308681483788e-07	980800
0.7028752565383911	4.7670846470282413e-07	982400
0.7011367678642273	4.7683428761047253e-07	984000
0.6990938186645508	4.769025281348149e-07	985600
0.7013860940933228	4.768483563566406e-07	987200
0.7006889581680298	4.770822670252528e-07	988800
0.7008805274963379	4.770615760207875e-07	990400
0.6989374160766602	4.771220005750365e-07	992000
0.697858989238739	4.773214072884002e-07	993600
0.6977553963661194	4.771881663145905e-07	995200
0.7004519104957581	4.773852992911998e-07	996800
0.6957188844680786	4.769320867126225e-07	998400
0.6961179375648499	4.771604267261864e-07	1000000
